1 1  4.085202991453013e+09
1 2  1.318108974358975e+09
2 1  1.318108974358975e+09
1 3 -1.318108974358975e+09
3 1 -1.318108974358975e+09
1 4  1.243322649572638e+09
4 1  1.243322649572638e+09
1 5  2.804487179487710e+07
5 1  2.804487179487710e+07
1 6 -1.205929487179485e+09
6 1 -1.205929487179485e+09
1 10  1.243322649572638e+09
10 1  1.243322649572638e+09
1 11  1.205929487179485e+09
11 1  1.205929487179485e+09
1 12 -2.804487179487709e+07
12 1 -2.804487179487709e+07
1 13  4.954594017094003e+08
13 1  4.954594017094003e+08
1 14 -5.328525641025676e+08
14 1 -5.328525641025676e+08
1 15  5.328525641025670e+08
15 1  5.328525641025670e+08
1 100 -1.392895299145311e+09
100 1 -1.392895299145311e+09
1 101 -2.804487179487636e+07
101 1 -2.804487179487636e+07
1 102  2.804487179487719e+07
102 1  2.804487179487719e+07
1 103 -1.916399572649571e+09
103 1 -1.916399572649571e+09
1 104 -1.318108974358975e+09
104 1 -1.318108974358975e+09
1 105 -5.328525641025670e+08
105 1 -5.328525641025670e+08
1 109 -1.916399572649571e+09
109 1 -1.916399572649571e+09
1 110  5.328525641025677e+08
110 1  5.328525641025677e+08
1 111  1.318108974358975e+09
111 1  1.318108974358975e+09
1 112 -1.841613247863236e+09
112 1 -1.841613247863236e+09
1 113 -1.205929487179486e+09
113 1 -1.205929487179486e+09
1 114  1.205929487179486e+09
114 1  1.205929487179486e+09
2 2  4.085202991453013e+09
2 3 -1.318108974358975e+09
3 2 -1.318108974358975e+09
2 4 -2.804487179487715e+07
4 2 -2.804487179487715e+07
2 5 -1.392895299145311e+09
5 2 -1.392895299145311e+09
2 6  2.804487179487691e+07
6 2  2.804487179487691e+07
2 10  1.205929487179487e+09
10 2  1.205929487179487e+09
2 11  1.243322649572638e+09
11 2  1.243322649572638e+09
2 12 -2.804487179487659e+07
12 2 -2.804487179487659e+07
2 13  5.328525641025689e+08
13 2  5.328525641025689e+08
2 14 -1.916399572649572e+09
14 2 -1.916399572649572e+09
2 15  1.318108974358975e+09
15 2  1.318108974358975e+09
2 100  2.804487179487563e+07
100 2  2.804487179487563e+07
2 101  1.243322649572639e+09
101 2  1.243322649572639e+09
2 102 -1.205929487179486e+09
102 2 -1.205929487179486e+09
2 103 -1.318108974358976e+09
103 2 -1.318108974358976e+09
2 104 -1.916399572649572e+09
104 2 -1.916399572649572e+09
2 105 -5.328525641025673e+08
105 2 -5.328525641025673e+08
2 109 -5.328525641025674e+08
109 2 -5.328525641025674e+08
2 110  4.954594017094001e+08
110 2  4.954594017094001e+08
2 111  5.328525641025673e+08
111 2  5.328525641025673e+08
2 112 -1.205929487179486e+09
112 2 -1.205929487179486e+09
2 113 -1.841613247863237e+09
113 2 -1.841613247863237e+09
2 114  1.205929487179486e+09
114 2  1.205929487179486e+09
3 3  4.085202991453013e+09
3 4 -1.205929487179485e+09
4 3 -1.205929487179485e+09
3 5 -2.804487179487702e+07
5 3 -2.804487179487702e+07
3 6  1.243322649572639e+09
6 3  1.243322649572639e+09
3 10  2.804487179487611e+07
10 3  2.804487179487611e+07
3 11  2.804487179487705e+07
11 3  2.804487179487705e+07
3 12 -1.392895299145310e+09
12 3 -1.392895299145310e+09
3 13 -5.328525641025680e+08
13 3 -5.328525641025680e+08
3 14  1.318108974358975e+09
14 3  1.318108974358975e+09
3 15 -1.916399572649571e+09
15 3 -1.916399572649571e+09
3 100 -2.804487179487632e+07
100 3 -2.804487179487632e+07
3 101 -1.205929487179486e+09
101 3 -1.205929487179486e+09
3 102  1.243322649572638e+09
102 3  1.243322649572638e+09
3 103  5.328525641025682e+08
103 3  5.328525641025682e+08
3 104  5.328525641025676e+08
104 3  5.328525641025676e+08
3 105  4.954594017093995e+08
105 3  4.954594017093995e+08
3 109  1.318108974358975e+09
109 3  1.318108974358975e+09
3 110 -5.328525641025678e+08
110 3 -5.328525641025678e+08
3 111 -1.916399572649571e+09
111 3 -1.916399572649571e+09
3 112  1.205929487179485e+09
112 3  1.205929487179485e+09
3 113  1.205929487179486e+09
113 3  1.205929487179486e+09
3 114 -1.841613247863236e+09
114 3 -1.841613247863236e+09
4 4  8.170405982906027e+09
4 6 -2.636217948717949e+09
6 4 -2.636217948717949e+09
4 7  1.243322649572638e+09
7 4  1.243322649572638e+09
4 8  2.804487179487711e+07
8 4  2.804487179487711e+07
4 9 -1.205929487179486e+09
9 4 -1.205929487179486e+09
4 10  4.954594017094001e+08
10 4  4.954594017094001e+08
4 11  5.328525641025681e+08
11 4  5.328525641025681e+08
4 12  5.328525641025670e+08
12 4  5.328525641025670e+08
4 13  2.486645299145276e+09
13 4  2.486645299145276e+09
4 14 -4.768371582031250e-07
14 4 -4.768371582031250e-07
4 15 -5.608974358975445e+07
15 4 -5.608974358975445e+07
4 16  4.954594017094003e+08
16 4  4.954594017094003e+08
4 17 -5.328525641025676e+08
17 4 -5.328525641025676e+08
4 18  5.328525641025669e+08
18 4  5.328525641025669e+08
4 100 -1.916399572649572e+09
100 4 -1.916399572649572e+09
4 101  1.318108974358975e+09
101 4  1.318108974358975e+09
4 102 -5.328525641025670e+08
102 4 -5.328525641025670e+08
4 103 -2.785790598290621e+09
103 4 -2.785790598290621e+09
4 104  1.490116119384766e-08
104 4  1.490116119384766e-08
4 105  5.608974358975460e+07
105 4  5.608974358975460e+07
4 106 -1.916399572649572e+09
106 4 -1.916399572649572e+09
4 107 -1.318108974358975e+09
107 4 -1.318108974358975e+09
4 108 -5.328525641025671e+08
108 4 -5.328525641025671e+08
4 109 -1.841613247863236e+09
109 4 -1.841613247863236e+09
4 110  1.205929487179487e+09
110 4  1.205929487179487e+09
4 111  1.205929487179486e+09
111 4  1.205929487179486e+09
4 112 -3.832799145299141e+09
112 4 -3.832799145299141e+09
4 113 -4.172325134277344e-07
113 4 -4.172325134277344e-07
4 114  2.636217948717949e+09
114 4  2.636217948717949e+09
4 115 -1.841613247863236e+09
115 4 -1.841613247863236e+09
4 116 -1.205929487179486e+09
116 4 -1.205929487179486e+09
4 117  1.205929487179486e+09
117 4  1.205929487179486e+09
5 5  8.170405982906025e+09
5 6 -2.384185791015625e-07
6 5 -2.384185791015625e-07
5 7 -2.804487179487709e+07
7 5 -2.804487179487709e+07
5 8 -1.392895299145311e+09
8 5 -1.392895299145311e+09
5 9  2.804487179487691e+07
9 5  2.804487179487691e+07
5 10 -5.328525641025692e+08
10 5 -5.328525641025692e+08
5 11 -1.916399572649572e+09
11 5 -1.916399572649572e+09
5 12 -1.318108974358975e+09
12 5 -1.318108974358975e+09
5 13  7.152557373046875e-07
13 5  7.152557373046875e-07
5 14  2.486645299145275e+09
14 5  2.486645299145275e+09
5 15  2.235174179077148e-07
15 5  2.235174179077148e-07
5 16  5.328525641025689e+08
16 5  5.328525641025689e+08
5 17 -1.916399572649572e+09
17 5 -1.916399572649572e+09
5 18  1.318108974358975e+09
18 5  1.318108974358975e+09
5 100  1.318108974358976e+09
100 5  1.318108974358976e+09
5 101 -1.916399572649572e+09
101 5 -1.916399572649572e+09
5 102  5.328525641025673e+08
102 5  5.328525641025673e+08
5 103 -1.341104507446289e-07
103 5 -1.341104507446289e-07
5 104  2.486645299145279e+09
104 5  2.486645299145279e+09
5 105  2.384185791015625e-07
105 5  2.384185791015625e-07
5 106 -1.318108974358976e+09
106 5 -1.318108974358976e+09
5 107 -1.916399572649572e+09
107 5 -1.916399572649572e+09
5 108 -5.328525641025673e+08
108 5 -5.328525641025673e+08
5 109  1.205929487179486e+09
109 5  1.205929487179486e+09
5 110 -1.841613247863237e+09
110 5 -1.841613247863237e+09
5 111 -1.205929487179486e+09
111 5 -1.205929487179486e+09
5 112  3.576278686523438e-07
112 5  3.576278686523438e-07
5 113  9.909188034188011e+08
113 5  9.909188034188011e+08
5 114 -1.192092895507813e-07
114 5 -1.192092895507813e-07
5 115 -1.205929487179486e+09
115 5 -1.205929487179486e+09
5 116 -1.841613247863237e+09
116 5 -1.841613247863237e+09
5 117  1.205929487179486e+09
117 5  1.205929487179486e+09
6 6  8.170405982906025e+09
6 7 -1.205929487179485e+09
7 6 -1.205929487179485e+09
6 8 -2.804487179487702e+07
8 6 -2.804487179487702e+07
6 9  1.243322649572639e+09
9 6  1.243322649572639e+09
6 10 -5.328525641025681e+08
10 6 -5.328525641025681e+08
6 11 -1.318108974358975e+09
11 6 -1.318108974358975e+09
6 12 -1.916399572649572e+09
12 6 -1.916399572649572e+09
6 13  5.608974358975217e+07
13 6  5.608974358975217e+07
6 14  1.341104507446289e-07
14 6  1.341104507446289e-07
6 15 -2.785790598290621e+09
15 6 -2.785790598290621e+09
6 16 -5.328525641025680e+08
16 6 -5.328525641025680e+08
6 17  1.318108974358975e+09
17 6  1.318108974358975e+09
6 18 -1.916399572649571e+09
18 6 -1.916399572649571e+09
6 100  5.328525641025680e+08
100 6  5.328525641025680e+08
6 101 -5.328525641025676e+08
101 6 -5.328525641025676e+08
6 102  4.954594017093995e+08
102 6  4.954594017093995e+08
6 103 -5.608974358975244e+07
103 6 -5.608974358975244e+07
6 104  2.384185791015625e-07
104 6  2.384185791015625e-07
6 105  2.486645299145276e+09
105 6  2.486645299145276e+09
6 106  5.328525641025682e+08
106 6  5.328525641025682e+08
6 107  5.328525641025676e+08
107 6  5.328525641025676e+08
6 108  4.954594017093995e+08
108 6  4.954594017093995e+08
6 109  1.205929487179485e+09
109 6  1.205929487179485e+09
6 110 -1.205929487179486e+09
110 6 -1.205929487179486e+09
6 111 -1.841613247863236e+09
111 6 -1.841613247863236e+09
6 112  2.636217948717949e+09
112 6  2.636217948717949e+09
6 113 -5.960464477539063e-08
113 6 -5.960464477539063e-08
6 114 -3.832799145299142e+09
114 6 -3.832799145299142e+09
6 115  1.205929487179485e+09
115 6  1.205929487179485e+09
6 116  1.205929487179486e+09
116 6  1.205929487179486e+09
6 117 -1.841613247863236e+09
117 6 -1.841613247863236e+09
7 7  4.085202991453014e+09
7 8 -1.318108974358975e+09
8 7 -1.318108974358975e+09
7 9 -1.318108974358974e+09
9 7 -1.318108974358974e+09
7 13  4.954594017094001e+08
13 7  4.954594017094001e+08
7 14  5.328525641025681e+08
14 7  5.328525641025681e+08
7 15  5.328525641025670e+08
15 7  5.328525641025670e+08
7 16  1.243322649572638e+09
16 7  1.243322649572638e+09
7 17 -1.205929487179486e+09
17 7 -1.205929487179486e+09
7 18 -2.804487179487735e+07
18 7 -2.804487179487735e+07
7 103 -1.916399572649572e+09
103 7 -1.916399572649572e+09
7 104  1.318108974358975e+09
104 7  1.318108974358975e+09
7 105 -5.328525641025670e+08
105 7 -5.328525641025670e+08
7 106 -1.392895299145311e+09
106 7 -1.392895299145311e+09
7 107  2.804487179487625e+07
107 7  2.804487179487625e+07
7 108  2.804487179487738e+07
108 7  2.804487179487738e+07
7 112 -1.841613247863236e+09
112 7 -1.841613247863236e+09
7 113  1.205929487179487e+09
113 7  1.205929487179487e+09
7 114  1.205929487179485e+09
114 7  1.205929487179485e+09
7 115 -1.916399572649570e+09
115 7 -1.916399572649570e+09
7 116 -5.328525641025682e+08
116 7 -5.328525641025682e+08
7 117  1.318108974358974e+09
117 7  1.318108974358974e+09
8 8  4.085202991453012e+09
8 9  1.318108974358975e+09
9 8  1.318108974358975e+09
8 13 -5.328525641025692e+08
13 8 -5.328525641025692e+08
8 14 -1.916399572649572e+09
14 8 -1.916399572649572e+09
8 15 -1.318108974358975e+09
15 8 -1.318108974358975e+09
8 16 -1.205929487179487e+09
16 8 -1.205929487179487e+09
8 17  1.243322649572637e+09
17 8  1.243322649572637e+09
8 18  2.804487179487681e+07
18 8  2.804487179487681e+07
8 103  1.318108974358976e+09
103 8  1.318108974358976e+09
8 104 -1.916399572649572e+09
104 8 -1.916399572649572e+09
8 105  5.328525641025673e+08
105 8  5.328525641025673e+08
8 106 -2.804487179487570e+07
106 8 -2.804487179487570e+07
8 107  1.243322649572640e+09
107 8  1.243322649572640e+09
8 108  1.205929487179486e+09
108 8  1.205929487179486e+09
8 112  1.205929487179486e+09
112 8  1.205929487179486e+09
8 113 -1.841613247863237e+09
113 8 -1.841613247863237e+09
8 114 -1.205929487179486e+09
114 8 -1.205929487179486e+09
8 115  5.328525641025677e+08
115 8  5.328525641025677e+08
8 116  4.954594017094009e+08
116 8  4.954594017094009e+08
8 117 -5.328525641025674e+08
117 8 -5.328525641025674e+08
9 9  4.085202991453013e+09
9 13 -5.328525641025681e+08
13 9 -5.328525641025681e+08
9 14 -1.318108974358975e+09
14 9 -1.318108974358975e+09
9 15 -1.916399572649572e+09
15 9 -1.916399572649572e+09
9 16  2.804487179487605e+07
16 9  2.804487179487605e+07
9 17 -2.804487179487692e+07
17 9 -2.804487179487692e+07
9 18 -1.392895299145310e+09
18 9 -1.392895299145310e+09
9 103  5.328525641025681e+08
103 9  5.328525641025681e+08
9 104 -5.328525641025676e+08
104 9 -5.328525641025676e+08
9 105  4.954594017093994e+08
105 9  4.954594017093994e+08
9 106 -2.804487179487612e+07
106 9 -2.804487179487612e+07
9 107  1.205929487179487e+09
107 9  1.205929487179487e+09
9 108  1.243322649572638e+09
108 9  1.243322649572638e+09
9 112  1.205929487179485e+09
112 9  1.205929487179485e+09
9 113 -1.205929487179486e+09
113 9 -1.205929487179486e+09
9 114 -1.841613247863236e+09
114 9 -1.841613247863236e+09
9 115  1.318108974358974e+09
115 9  1.318108974358974e+09
9 116  5.328525641025677e+08
116 9  5.328525641025677e+08
9 117 -1.916399572649570e+09
117 9 -1.916399572649570e+09
10 10  8.170405982906029e+09
10 11  2.636217948717952e+09
11 10  2.636217948717952e+09
10 12 -1.192092895507813e-06
12 10 -1.192092895507813e-06
10 13  2.486645299145284e+09
13 10  2.486645299145284e+09
10 14  5.608974358975078e+07
14 10  5.608974358975078e+07
10 15 -1.430511474609375e-06
15 10 -1.430511474609375e-06
10 19  1.243322649572637e+09
19 10  1.243322649572637e+09
10 20  1.205929487179488e+09
20 10  1.205929487179488e+09
10 21 -2.804487179487474e+07
21 10 -2.804487179487474e+07
10 22  4.954594017094000e+08
22 10  4.954594017094000e+08
10 23 -5.328525641025699e+08
23 10 -5.328525641025699e+08
10 24  5.328525641025696e+08
24 10  5.328525641025696e+08
10 100 -1.916399572649573e+09
100 10 -1.916399572649573e+09
10 101  5.328525641025690e+08
101 10  5.328525641025690e+08
10 102 -1.318108974358975e+09
102 10 -1.318108974358975e+09
10 103 -1.841613247863238e+09
103 10 -1.841613247863238e+09
10 104 -1.205929487179488e+09
104 10 -1.205929487179488e+09
10 105 -1.205929487179487e+09
105 10 -1.205929487179487e+09
10 109 -2.785790598290622e+09
109 10 -2.785790598290622e+09
10 110 -5.608974358974958e+07
110 10 -5.608974358974958e+07
10 111 -1.747161149978638e-06
111 10 -1.747161149978638e-06
10 112 -3.832799145299144e+09
112 10 -3.832799145299144e+09
10 113 -2.636217948717952e+09
113 10 -2.636217948717952e+09
10 114 -1.311302185058594e-06
114 10 -1.311302185058594e-06
10 118 -1.916399572649575e+09
118 10 -1.916399572649575e+09
10 119  5.328525641025698e+08
119 10  5.328525641025698e+08
10 120  1.318108974358977e+09
120 10  1.318108974358977e+09
10 121 -1.841613247863239e+09
121 10 -1.841613247863239e+09
10 122 -1.205929487179488e+09
122 10 -1.205929487179488e+09
10 123  1.205929487179488e+09
123 10  1.205929487179488e+09
11 11  8.170405982906026e+09
11 12 -9.536743164062500e-07
12 11 -9.536743164062500e-07
11 13 -5.608974358975068e+07
13 11 -5.608974358975068e+07
11 14 -2.785790598290622e+09
14 11 -2.785790598290622e+09
11 15 -1.229345798492432e-06
15 11 -1.229345798492432e-06
11 19  1.205929487179485e+09
19 11  1.205929487179485e+09
11 20  1.243322649572637e+09
20 11  1.243322649572637e+09
11 21 -2.804487179487570e+07
21 11 -2.804487179487570e+07
11 22  5.328525641025674e+08
22 11  5.328525641025674e+08
11 23 -1.916399572649572e+09
23 11 -1.916399572649572e+09
11 24  1.318108974358976e+09
24 11  1.318108974358976e+09
11 100 -5.328525641025688e+08
100 11 -5.328525641025688e+08
11 101  4.954594017094011e+08
101 11  4.954594017094011e+08
11 102 -5.328525641025672e+08
102 11 -5.328525641025672e+08
11 103 -1.205929487179486e+09
103 11 -1.205929487179486e+09
11 104 -1.841613247863237e+09
104 11 -1.841613247863237e+09
11 105 -1.205929487179485e+09
105 11 -1.205929487179485e+09
11 109  5.608974358975385e+07
109 11  5.608974358975385e+07
11 110  2.486645299145279e+09
110 11  2.486645299145279e+09
11 111 -1.907348632812500e-06
111 11 -1.907348632812500e-06
11 112 -2.636217948717950e+09
112 11 -2.636217948717950e+09
11 113 -3.832799145299143e+09
113 11 -3.832799145299143e+09
11 114 -1.370906829833984e-06
114 11 -1.370906829833984e-06
11 118 -5.328525641025696e+08
118 11 -5.328525641025696e+08
11 119  4.954594017094008e+08
119 11  4.954594017094008e+08
11 120  5.328525641025685e+08
120 11  5.328525641025685e+08
11 121 -1.205929487179487e+09
121 11 -1.205929487179487e+09
11 122 -1.841613247863237e+09
122 11 -1.841613247863237e+09
11 123  1.205929487179487e+09
123 11  1.205929487179487e+09
12 12  8.170405982906025e+09
12 13 -1.907348632812500e-06
13 12 -1.907348632812500e-06
12 14  1.072883605957031e-06
14 12  1.072883605957031e-06
12 15  2.486645299145279e+09
15 12  2.486645299145279e+09
12 19  2.804487179487684e+07
19 12  2.804487179487684e+07
12 20  2.804487179487560e+07
20 12  2.804487179487560e+07
12 21 -1.392895299145313e+09
21 12 -1.392895299145313e+09
12 22 -5.328525641025673e+08
22 12 -5.328525641025673e+08
12 23  1.318108974358976e+09
23 12  1.318108974358976e+09
12 24 -1.916399572649574e+09
24 12 -1.916399572649574e+09
12 100 -1.318108974358975e+09
100 12 -1.318108974358975e+09
12 101  5.328525641025676e+08
101 12  5.328525641025676e+08
12 102 -1.916399572649571e+09
102 12 -1.916399572649571e+09
12 103 -1.205929487179487e+09
103 12 -1.205929487179487e+09
12 104 -1.205929487179486e+09
104 12 -1.205929487179486e+09
12 105 -1.841613247863236e+09
105 12 -1.841613247863236e+09
12 109  2.719461917877197e-07
109 12  2.719461917877197e-07
12 110 -7.152557373046875e-07
110 12 -7.152557373046875e-07
12 111  2.486645299145279e+09
111 12  2.486645299145279e+09
12 112  5.364418029785156e-07
112 12  5.364418029785156e-07
12 113  4.768371582031250e-07
113 12  4.768371582031250e-07
12 114  9.909188034188007e+08
114 12  9.909188034188007e+08
12 118  1.318108974358977e+09
118 12  1.318108974358977e+09
12 119 -5.328525641025686e+08
119 12 -5.328525641025686e+08
12 120 -1.916399572649572e+09
120 12 -1.916399572649572e+09
12 121  1.205929487179488e+09
121 12  1.205929487179488e+09
12 122  1.205929487179487e+09
122 12  1.205929487179487e+09
12 123 -1.841613247863238e+09
123 12 -1.841613247863238e+09
13 13  1.634081196581206e+10
13 14 -2.384185791015625e-07
14 13 -2.384185791015625e-07
13 15 -2.861022949218750e-06
15 13 -2.861022949218750e-06
13 16  2.486645299145283e+09
16 13  2.486645299145283e+09
13 17  5.608974358975075e+07
17 13  5.608974358975075e+07
13 18 -1.430511474609375e-06
18 13 -1.430511474609375e-06
13 19  4.954594017094001e+08
19 13  4.954594017094001e+08
13 20  5.328525641025695e+08
20 13  5.328525641025695e+08
13 21  5.328525641025698e+08
21 13  5.328525641025698e+08
13 22  2.486645299145276e+09
22 13  2.486645299145276e+09
13 23  2.384185791015625e-07
23 13  2.384185791015625e-07
13 24 -5.608974358974947e+07
24 13 -5.608974358974947e+07
13 25  4.954594017094000e+08
25 13  4.954594017094000e+08
13 26 -5.328525641025699e+08
26 13 -5.328525641025699e+08
13 27  5.328525641025696e+08
27 13  5.328525641025696e+08
13 100 -1.841613247863238e+09
100 13 -1.841613247863238e+09
13 101  1.205929487179487e+09
101 13  1.205929487179487e+09
13 102 -1.205929487179486e+09
102 13 -1.205929487179486e+09
13 103 -3.832799145299148e+09
103 13 -3.832799145299148e+09
13 104  3.576278686523438e-07
104 13  3.576278686523438e-07
13 105 -2.636217948717951e+09
105 13 -2.636217948717951e+09
13 106 -1.841613247863238e+09
106 13 -1.841613247863238e+09
13 107 -1.205929487179488e+09
107 13 -1.205929487179488e+09
13 108 -1.205929487179487e+09
108 13 -1.205929487179487e+09
13 109 -3.832799145299144e+09
109 13 -3.832799145299144e+09
13 110  2.636217948717952e+09
110 13  2.636217948717952e+09
13 111 -1.668930053710938e-06
111 13 -1.668930053710938e-06
13 112 -5.571581196581244e+09
112 13 -5.571581196581244e+09
13 113  4.097819328308106e-07
113 13  4.097819328308106e-07
13 114 -3.192573785781860e-06
114 13 -3.192573785781860e-06
13 115 -3.832799145299144e+09
115 13 -3.832799145299144e+09
13 116 -2.636217948717952e+09
116 13 -2.636217948717952e+09
13 117 -1.549720764160156e-06
117 13 -1.549720764160156e-06
13 118 -1.841613247863239e+09
118 13 -1.841613247863239e+09
13 119  1.205929487179488e+09
119 13  1.205929487179488e+09
13 120  1.205929487179488e+09
120 13  1.205929487179488e+09
13 121 -3.832799145299151e+09
121 13 -3.832799145299151e+09
13 122  5.960464477539063e-07
122 13  5.960464477539063e-07
13 123  2.636217948717954e+09
123 13  2.636217948717954e+09
13 124 -1.841613247863239e+09
124 13 -1.841613247863239e+09
13 125 -1.205929487179488e+09
125 13 -1.205929487179488e+09
13 126  1.205929487179488e+09
126 13  1.205929487179488e+09
14 14  1.634081196581205e+10
14 16 -5.608974358975063e+07
16 14 -5.608974358975063e+07
14 17 -2.785790598290622e+09
17 14 -2.785790598290622e+09
14 18 -1.229345798492432e-06
18 14 -1.229345798492432e-06
14 19 -5.328525641025674e+08
19 14 -5.328525641025674e+08
14 20 -1.916399572649572e+09
20 14 -1.916399572649572e+09
14 21 -1.318108974358976e+09
21 14 -1.318108974358976e+09
14 23  2.486645299145276e+09
23 14  2.486645299145276e+09
14 24  1.639127731323242e-07
24 14  1.639127731323242e-07
14 25  5.328525641025676e+08
25 14  5.328525641025676e+08
14 26 -1.916399572649572e+09
26 14 -1.916399572649572e+09
14 27  1.318108974358976e+09
27 14  1.318108974358976e+09
14 100  1.205929487179487e+09
100 14  1.205929487179487e+09
14 101 -1.841613247863237e+09
101 14 -1.841613247863237e+09
14 102  1.205929487179486e+09
102 14  1.205929487179486e+09
14 103 -2.384185791015625e-07
103 14 -2.384185791015625e-07
14 104  9.909188034188008e+08
104 14  9.909188034188008e+08
14 105 -5.960464477539063e-08
105 14 -5.960464477539063e-08
14 106 -1.205929487179486e+09
106 14 -1.205929487179486e+09
14 107 -1.841613247863237e+09
107 14 -1.841613247863237e+09
14 108 -1.205929487179485e+09
108 14 -1.205929487179485e+09
14 109  2.636217948717949e+09
109 14  2.636217948717949e+09
14 110 -3.832799145299143e+09
110 14 -3.832799145299143e+09
14 111  1.430511474609375e-06
111 14  1.430511474609375e-06
14 112 -4.246830940246582e-07
112 14 -4.246830940246582e-07
14 113  4.973290598290556e+09
113 14  4.973290598290556e+09
14 114 -7.152557373046875e-07
114 14 -7.152557373046875e-07
14 115 -2.636217948717949e+09
115 14 -2.636217948717949e+09
14 116 -3.832799145299143e+09
116 14 -3.832799145299143e+09
14 117 -1.370906829833984e-06
117 14 -1.370906829833984e-06
14 118  1.205929487179488e+09
118 14  1.205929487179488e+09
14 119 -1.841613247863237e+09
119 14 -1.841613247863237e+09
14 120 -1.205929487179488e+09
120 14 -1.205929487179488e+09
14 121 -7.152557373046875e-07
121 14 -7.152557373046875e-07
14 122  9.909188034188007e+08
122 14  9.909188034188007e+08
14 123 -2.384185791015625e-07
123 14 -2.384185791015625e-07
14 124 -1.205929487179488e+09
124 14 -1.205929487179488e+09
14 125 -1.841613247863237e+09
125 14 -1.841613247863237e+09
14 126  1.205929487179487e+09
126 14  1.205929487179487e+09
15 15  1.634081196581205e+10
15 16 -1.907348632812500e-06
16 15 -1.907348632812500e-06
15 17  1.072883605957031e-06
17 15  1.072883605957031e-06
15 18  2.486645299145279e+09
18 15  2.486645299145279e+09
15 19 -5.328525641025668e+08
19 15 -5.328525641025668e+08
15 20 -1.318108974358976e+09
20 15 -1.318108974358976e+09
15 21 -1.916399572649574e+09
21 15 -1.916399572649574e+09
15 22  5.608974358975398e+07
22 15  5.608974358975398e+07
15 23 -1.452863216400147e-07
23 15 -1.452863216400147e-07
15 24 -2.785790598290625e+09
24 15 -2.785790598290625e+09
15 25 -5.328525641025672e+08
25 15 -5.328525641025672e+08
15 26  1.318108974358976e+09
26 15  1.318108974358976e+09
15 27 -1.916399572649574e+09
27 15 -1.916399572649574e+09
15 100 -1.205929487179487e+09
100 15 -1.205929487179487e+09
15 101  1.205929487179486e+09
101 15  1.205929487179486e+09
15 102 -1.841613247863236e+09
102 15 -1.841613247863236e+09
15 103 -2.636217948717951e+09
103 15 -2.636217948717951e+09
15 104 -1.192092895507813e-07
104 15 -1.192092895507813e-07
15 105 -3.832799145299142e+09
105 15 -3.832799145299142e+09
15 106 -1.205929487179487e+09
106 15 -1.205929487179487e+09
15 107 -1.205929487179486e+09
107 15 -1.205929487179486e+09
15 108 -1.841613247863236e+09
108 15 -1.841613247863236e+09
15 109  4.768371582031250e-07
109 15  4.768371582031250e-07
15 110 -5.364418029785156e-07
110 15 -5.364418029785156e-07
15 111  9.909188034188006e+08
111 15  9.909188034188006e+08
15 112  5.178153514862061e-07
112 15  5.178153514862061e-07
15 114  4.973290598290556e+09
114 15  4.973290598290556e+09
15 115  5.960464477539063e-07
115 15  5.960464477539063e-07
15 116  4.768371582031250e-07
116 15  4.768371582031250e-07
15 117  9.909188034188007e+08
117 15  9.909188034188007e+08
15 118  1.205929487179488e+09
118 15  1.205929487179488e+09
15 119 -1.205929487179487e+09
119 15 -1.205929487179487e+09
15 120 -1.841613247863237e+09
120 15 -1.841613247863237e+09
15 121  2.636217948717954e+09
121 15  2.636217948717954e+09
15 122 -1.788139343261719e-07
122 15 -1.788139343261719e-07
15 123 -3.832799145299146e+09
123 15 -3.832799145299146e+09
15 124  1.205929487179488e+09
124 15  1.205929487179488e+09
15 125  1.205929487179487e+09
125 15  1.205929487179487e+09
15 126 -1.841613247863238e+09
126 15 -1.841613247863238e+09
16 16  8.170405982906031e+09
16 17 -2.636217948717952e+09
17 16 -2.636217948717952e+09
16 18 -1.430511474609375e-06
18 16 -1.430511474609375e-06
16 22  4.954594017094000e+08
22 16  4.954594017094000e+08
16 23  5.328525641025695e+08
23 16  5.328525641025695e+08
16 24  5.328525641025698e+08
24 16  5.328525641025698e+08
16 25  1.243322649572639e+09
25 16  1.243322649572639e+09
16 26 -1.205929487179488e+09
26 16 -1.205929487179488e+09
16 27 -2.804487179487467e+07
27 16 -2.804487179487467e+07
16 103 -1.841613247863238e+09
103 16 -1.841613247863238e+09
16 104  1.205929487179487e+09
104 16  1.205929487179487e+09
16 105 -1.205929487179486e+09
105 16 -1.205929487179486e+09
16 106 -1.916399572649574e+09
106 16 -1.916399572649574e+09
16 107 -5.328525641025689e+08
107 16 -5.328525641025689e+08
16 108 -1.318108974358975e+09
108 16 -1.318108974358975e+09
16 112 -3.832799145299144e+09
112 16 -3.832799145299144e+09
16 113  2.636217948717952e+09
113 16  2.636217948717952e+09
16 114 -1.668930053710938e-06
114 16 -1.668930053710938e-06
16 115 -2.785790598290622e+09
115 16 -2.785790598290622e+09
16 116  5.608974358974998e+07
116 16  5.608974358974998e+07
16 117 -1.475214958190918e-06
117 16 -1.475214958190918e-06
16 121 -1.841613247863239e+09
121 16 -1.841613247863239e+09
16 122  1.205929487179488e+09
122 16  1.205929487179488e+09
16 123  1.205929487179488e+09
123 16  1.205929487179488e+09
16 124 -1.916399572649576e+09
124 16 -1.916399572649576e+09
16 125 -5.328525641025692e+08
125 16 -5.328525641025692e+08
16 126  1.318108974358977e+09
126 16  1.318108974358977e+09
17 17  8.170405982906027e+09
17 18  9.536743164062500e-07
18 17  9.536743164062500e-07
17 22 -5.328525641025674e+08
22 17 -5.328525641025674e+08
17 23 -1.916399572649572e+09
23 17 -1.916399572649572e+09
17 24 -1.318108974358976e+09
24 17 -1.318108974358976e+09
17 25 -1.205929487179485e+09
25 17 -1.205929487179485e+09
17 26  1.243322649572639e+09
26 17  1.243322649572639e+09
17 27  2.804487179487586e+07
27 17  2.804487179487586e+07
17 103  1.205929487179487e+09
103 17  1.205929487179487e+09
17 104 -1.841613247863237e+09
104 17 -1.841613247863237e+09
17 105  1.205929487179486e+09
105 17  1.205929487179486e+09
17 106  5.328525641025686e+08
106 17  5.328525641025686e+08
17 107  4.954594017093998e+08
107 17  4.954594017093998e+08
17 108  5.328525641025671e+08
108 17  5.328525641025671e+08
17 112  2.636217948717949e+09
112 17  2.636217948717949e+09
17 113 -3.832799145299143e+09
113 17 -3.832799145299143e+09
17 114  1.430511474609375e-06
114 17  1.430511474609375e-06
17 115 -5.608974358975443e+07
115 17 -5.608974358975443e+07
17 116  2.486645299145278e+09
116 17  2.486645299145278e+09
17 117  1.192092895507813e-06
117 17  1.192092895507813e-06
17 121  1.205929487179488e+09
121 17  1.205929487179488e+09
17 122 -1.841613247863237e+09
122 17 -1.841613247863237e+09
17 123 -1.205929487179488e+09
123 17 -1.205929487179488e+09
17 124  5.328525641025691e+08
124 17  5.328525641025691e+08
17 125  4.954594017093999e+08
125 17  4.954594017093999e+08
17 126 -5.328525641025687e+08
126 17 -5.328525641025687e+08
18 18  8.170405982906029e+09
18 22 -5.328525641025670e+08
22 18 -5.328525641025670e+08
18 23 -1.318108974358976e+09
23 18 -1.318108974358976e+09
18 24 -1.916399572649574e+09
24 18 -1.916399572649574e+09
18 25  2.804487179487716e+07
25 18  2.804487179487716e+07
18 26 -2.804487179487574e+07
26 18 -2.804487179487574e+07
18 27 -1.392895299145312e+09
27 18 -1.392895299145312e+09
18 103 -1.205929487179487e+09
103 18 -1.205929487179487e+09
18 104  1.205929487179486e+09
104 18  1.205929487179486e+09
18 105 -1.841613247863236e+09
105 18 -1.841613247863236e+09
18 106 -1.318108974358975e+09
106 18 -1.318108974358975e+09
18 107 -5.328525641025677e+08
107 18 -5.328525641025677e+08
18 108 -1.916399572649571e+09
108 18 -1.916399572649571e+09
18 112  4.768371582031250e-07
112 18  4.768371582031250e-07
18 113 -5.364418029785156e-07
113 18 -5.364418029785156e-07
18 114  9.909188034188006e+08
114 18  9.909188034188006e+08
18 115  1.266598701477051e-07
115 18  1.266598701477051e-07
18 116  7.152557373046875e-07
116 18  7.152557373046875e-07
18 117  2.486645299145278e+09
117 18  2.486645299145278e+09
18 121  1.205929487179488e+09
121 18  1.205929487179488e+09
18 122 -1.205929487179487e+09
122 18 -1.205929487179487e+09
18 123 -1.841613247863237e+09
123 18 -1.841613247863237e+09
18 124  1.318108974358977e+09
124 18  1.318108974358977e+09
18 125  5.328525641025685e+08
125 18  5.328525641025685e+08
18 126 -1.916399572649574e+09
126 18 -1.916399572649574e+09
19 19  8.170405982906029e+09
19 20  2.636217948717951e+09
20 19  2.636217948717951e+09
19 21 -1.192092895507813e-06
21 19 -1.192092895507813e-06
19 22  2.486645299145278e+09
22 19  2.486645299145278e+09
19 23  5.608974358975221e+07
23 19  5.608974358975221e+07
19 24 -1.192092895507813e-06
24 19 -1.192092895507813e-06
19 28  1.243322649572640e+09
28 19  1.243322649572640e+09
19 29  1.205929487179488e+09
29 19  1.205929487179488e+09
19 30 -2.804487179487598e+07
30 19 -2.804487179487598e+07
19 31  4.954594017094004e+08
31 19  4.954594017094004e+08
19 32 -5.328525641025693e+08
32 19 -5.328525641025693e+08
19 33  5.328525641025685e+08
33 19  5.328525641025685e+08
19 109 -1.916399572649570e+09
109 19 -1.916399572649570e+09
19 110  5.328525641025670e+08
110 19  5.328525641025670e+08
19 111 -1.318108974358974e+09
111 19 -1.318108974358974e+09
19 112 -1.841613247863235e+09
112 19 -1.841613247863235e+09
19 113 -1.205929487179486e+09
113 19 -1.205929487179486e+09
19 114 -1.205929487179486e+09
114 19 -1.205929487179486e+09
19 118 -2.785790598290624e+09
118 19 -2.785790598290624e+09
19 119 -5.608974358975223e+07
119 19 -5.608974358975223e+07
19 120 -1.110136508941650e-06
120 19 -1.110136508941650e-06
19 121 -3.832799145299145e+09
121 19 -3.832799145299145e+09
19 122 -2.636217948717951e+09
122 19 -2.636217948717951e+09
19 123 -1.192092895507813e-06
123 19 -1.192092895507813e-06
19 127 -1.916399572649574e+09
127 19 -1.916399572649574e+09
19 128  5.328525641025694e+08
128 19  5.328525641025694e+08
19 129  1.318108974358976e+09
129 19  1.318108974358976e+09
19 130 -1.841613247863238e+09
130 19 -1.841613247863238e+09
19 131 -1.205929487179488e+09
131 19 -1.205929487179488e+09
19 132  1.205929487179487e+09
132 19  1.205929487179487e+09
20 20  8.170405982906029e+09
20 21  4.768371582031250e-07
21 20  4.768371582031250e-07
20 22 -5.608974358975242e+07
22 20 -5.608974358975242e+07
20 23 -2.785790598290624e+09
23 20 -2.785790598290624e+09
20 24  7.227063179016113e-07
24 20  7.227063179016113e-07
20 28  1.205929487179486e+09
28 20  1.205929487179486e+09
20 29  1.243322649572640e+09
29 20  1.243322649572640e+09
20 30 -2.804487179487641e+07
30 20 -2.804487179487641e+07
20 31  5.328525641025684e+08
31 20  5.328525641025684e+08
20 32 -1.916399572649573e+09
32 20 -1.916399572649573e+09
20 33  1.318108974358975e+09
33 20  1.318108974358975e+09
20 109 -5.328525641025671e+08
109 20 -5.328525641025671e+08
20 110  4.954594017094001e+08
110 20  4.954594017094001e+08
20 111 -5.328525641025686e+08
111 20 -5.328525641025686e+08
20 112 -1.205929487179485e+09
112 20 -1.205929487179485e+09
20 113 -1.841613247863237e+09
113 20 -1.841613247863237e+09
20 114 -1.205929487179487e+09
114 20 -1.205929487179487e+09
20 118  5.608974358975110e+07
118 20  5.608974358975110e+07
20 119  2.486645299145278e+09
119 20  2.486645299145278e+09
20 120  4.768371582031250e-07
120 20  4.768371582031250e-07
20 121 -2.636217948717953e+09
121 20 -2.636217948717953e+09
20 122 -3.832799145299145e+09
122 20 -3.832799145299145e+09
20 123  7.748603820800781e-07
123 20  7.748603820800781e-07
20 127 -5.328525641025693e+08
127 20 -5.328525641025693e+08
20 128  4.954594017094015e+08
128 20  4.954594017094015e+08
20 129  5.328525641025680e+08
129 20  5.328525641025680e+08
20 130 -1.205929487179488e+09
130 20 -1.205929487179488e+09
20 131 -1.841613247863238e+09
131 20 -1.841613247863238e+09
20 132  1.205929487179487e+09
132 20  1.205929487179487e+09
21 21  8.170405982906029e+09
21 22 -1.192092895507813e-06
22 21 -1.192092895507813e-06
21 23 -6.407499313354492e-07
23 21 -6.407499313354492e-07
21 24  2.486645299145278e+09
24 21  2.486645299145278e+09
21 28  2.804487179487690e+07
28 21  2.804487179487690e+07
21 29  2.804487179487623e+07
29 21  2.804487179487623e+07
21 30 -1.392895299145310e+09
30 21 -1.392895299145310e+09
21 31 -5.328525641025672e+08
31 21 -5.328525641025672e+08
21 32  1.318108974358975e+09
32 21  1.318108974358975e+09
21 33 -1.916399572649571e+09
33 21 -1.916399572649571e+09
21 109 -1.318108974358975e+09
109 21 -1.318108974358975e+09
21 110  5.328525641025686e+08
110 21  5.328525641025686e+08
21 111 -1.916399572649573e+09
111 21 -1.916399572649573e+09
21 112 -1.205929487179486e+09
112 21 -1.205929487179486e+09
21 113 -1.205929487179487e+09
113 21 -1.205929487179487e+09
21 114 -1.841613247863238e+09
114 21 -1.841613247863238e+09
21 118 -2.358108758926392e-06
118 21 -2.358108758926392e-06
21 119  7.152557373046875e-07
119 21  7.152557373046875e-07
21 120  2.486645299145278e+09
120 21  2.486645299145278e+09
21 121 -2.264976501464844e-06
121 21 -2.264976501464844e-06
21 122 -5.960464477539063e-07
122 21 -5.960464477539063e-07
21 123  9.909188034188004e+08
123 21  9.909188034188004e+08
21 127  1.318108974358976e+09
127 21  1.318108974358976e+09
21 128 -5.328525641025680e+08
128 21 -5.328525641025680e+08
21 129 -1.916399572649571e+09
129 21 -1.916399572649571e+09
21 130  1.205929487179486e+09
130 21  1.205929487179486e+09
21 131  1.205929487179487e+09
131 21  1.205929487179487e+09
21 132 -1.841613247863236e+09
132 21 -1.841613247863236e+09
22 22  1.634081196581206e+10
22 23 -2.384185791015625e-07
23 22 -2.384185791015625e-07
22 24 -2.145767211914063e-06
24 22 -2.145767211914063e-06
22 25  2.486645299145279e+09
25 22  2.486645299145279e+09
22 26  5.608974358975223e+07
26 22  5.608974358975223e+07
22 27 -9.536743164062500e-07
27 22 -9.536743164062500e-07
22 28  4.954594017094007e+08
28 22  4.954594017094007e+08
22 29  5.328525641025694e+08
29 22  5.328525641025694e+08
22 30  5.328525641025688e+08
30 22  5.328525641025688e+08
22 31  2.486645299145279e+09
31 22  2.486645299145279e+09
22 32 -2.384185791015625e-07
32 22 -2.384185791015625e-07
22 33 -5.608974358975186e+07
33 22 -5.608974358975186e+07
22 34  4.954594017094005e+08
34 22  4.954594017094005e+08
22 35 -5.328525641025693e+08
35 22 -5.328525641025693e+08
22 36  5.328525641025684e+08
36 22  5.328525641025684e+08
22 109 -1.841613247863234e+09
109 22 -1.841613247863234e+09
22 110  1.205929487179485e+09
110 22  1.205929487179485e+09
22 111 -1.205929487179485e+09
111 22 -1.205929487179485e+09
22 112 -3.832799145299140e+09
112 22 -3.832799145299140e+09
22 113  1.192092895507813e-07
113 22  1.192092895507813e-07
22 114 -2.636217948717948e+09
114 22 -2.636217948717948e+09
22 115 -1.841613247863235e+09
115 22 -1.841613247863235e+09
22 116 -1.205929487179486e+09
116 22 -1.205929487179486e+09
22 117 -1.205929487179486e+09
117 22 -1.205929487179486e+09
22 118 -3.832799145299145e+09
118 22 -3.832799145299145e+09
22 119  2.636217948717950e+09
119 22  2.636217948717950e+09
22 120 -1.311302185058594e-06
120 22 -1.311302185058594e-06
22 121 -5.571581196581247e+09
121 22 -5.571581196581247e+09
22 122  3.315508365631104e-07
122 22  3.315508365631104e-07
22 123 -2.752989530563355e-06
123 22 -2.752989530563355e-06
22 124 -3.832799145299145e+09
124 22 -3.832799145299145e+09
22 125 -2.636217948717951e+09
125 22 -2.636217948717951e+09
22 126 -1.192092895507813e-06
126 22 -1.192092895507813e-06
22 127 -1.841613247863238e+09
127 22 -1.841613247863238e+09
22 128  1.205929487179488e+09
128 22  1.205929487179488e+09
22 129  1.205929487179488e+09
129 22  1.205929487179488e+09
22 130 -3.832799145299147e+09
130 22 -3.832799145299147e+09
22 131  1.192092895507813e-07
131 22  1.192092895507813e-07
22 132  2.636217948717952e+09
132 22  2.636217948717952e+09
22 133 -1.841613247863238e+09
133 22 -1.841613247863238e+09
22 134 -1.205929487179488e+09
134 22 -1.205929487179488e+09
22 135  1.205929487179487e+09
135 22  1.205929487179487e+09
23 23  1.634081196581206e+10
23 24 -2.384185791015625e-07
24 23 -2.384185791015625e-07
23 25 -5.608974358975242e+07
25 23 -5.608974358975242e+07
23 26 -2.785790598290624e+09
26 23 -2.785790598290624e+09
23 27  7.227063179016113e-07
27 23  7.227063179016113e-07
23 28 -5.328525641025685e+08
28 23 -5.328525641025685e+08
23 29 -1.916399572649573e+09
29 23 -1.916399572649573e+09
23 30 -1.318108974358975e+09
30 23 -1.318108974358975e+09
23 32  2.486645299145280e+09
32 23  2.486645299145280e+09
23 33 -7.450580596923828e-08
33 23 -7.450580596923828e-08
23 34  5.328525641025684e+08
34 23  5.328525641025684e+08
23 35 -1.916399572649573e+09
35 23 -1.916399572649573e+09
23 36  1.318108974358975e+09
36 23  1.318108974358975e+09
23 109  1.205929487179485e+09
109 23  1.205929487179485e+09
23 110 -1.841613247863237e+09
110 23 -1.841613247863237e+09
23 111  1.205929487179488e+09
111 23  1.205929487179488e+09
23 112  5.960464477539063e-08
112 23  5.960464477539063e-08
23 113  9.909188034188011e+08
113 23  9.909188034188011e+08
23 114 -5.960464477539063e-08
114 23 -5.960464477539063e-08
23 115 -1.205929487179485e+09
115 23 -1.205929487179485e+09
23 116 -1.841613247863237e+09
116 23 -1.841613247863237e+09
23 117 -1.205929487179487e+09
117 23 -1.205929487179487e+09
23 118  2.636217948717953e+09
118 23  2.636217948717953e+09
23 119 -3.832799145299145e+09
119 23 -3.832799145299145e+09
23 120 -5.960464477539063e-07
120 23 -5.960464477539063e-07
23 121 -2.719461917877197e-07
121 23 -2.719461917877197e-07
23 122  4.973290598290556e+09
122 23  4.973290598290556e+09
23 124 -2.636217948717953e+09
124 23 -2.636217948717953e+09
23 125 -3.832799145299145e+09
125 23 -3.832799145299145e+09
23 126  7.748603820800781e-07
126 23  7.748603820800781e-07
23 127  1.205929487179488e+09
127 23  1.205929487179488e+09
23 128 -1.841613247863238e+09
128 23 -1.841613247863238e+09
23 129 -1.205929487179487e+09
129 23 -1.205929487179487e+09
23 130  5.960464477539063e-08
130 23  5.960464477539063e-08
23 131  9.909188034188035e+08
131 23  9.909188034188035e+08
23 132 -1.192092895507813e-07
132 23 -1.192092895507813e-07
23 133 -1.205929487179488e+09
133 23 -1.205929487179488e+09
23 134 -1.841613247863238e+09
134 23 -1.841613247863238e+09
23 135  1.205929487179487e+09
135 23  1.205929487179487e+09
24 24  1.634081196581206e+10
24 25 -1.430511474609375e-06
25 24 -1.430511474609375e-06
24 26 -6.407499313354492e-07
26 24 -6.407499313354492e-07
24 27  2.486645299145278e+09
27 24  2.486645299145278e+09
24 28 -5.328525641025673e+08
28 24 -5.328525641025673e+08
24 29 -1.318108974358975e+09
29 24 -1.318108974358975e+09
24 30 -1.916399572649572e+09
30 24 -1.916399572649572e+09
24 31  5.608974358975371e+07
31 24  5.608974358975371e+07
24 32 -2.384185791015625e-07
32 24 -2.384185791015625e-07
24 33 -2.785790598290620e+09
33 24 -2.785790598290620e+09
24 34 -5.328525641025672e+08
34 24 -5.328525641025672e+08
24 35  1.318108974358975e+09
35 24  1.318108974358975e+09
24 36 -1.916399572649571e+09
36 24 -1.916399572649571e+09
24 109 -1.205929487179486e+09
109 24 -1.205929487179486e+09
24 110  1.205929487179487e+09
110 24  1.205929487179487e+09
24 111 -1.841613247863237e+09
111 24 -1.841613247863237e+09
24 112 -2.636217948717949e+09
112 24 -2.636217948717949e+09
24 114 -3.832799145299146e+09
114 24 -3.832799145299146e+09
24 115 -1.205929487179486e+09
