1 1  4.085202991453014e+07
1 2  1.318108974358975e+07
2 1  1.318108974358975e+07
1 3 -1.318108974358975e+07
3 1 -1.318108974358975e+07
1 4  1.243322649572638e+07
4 1  1.243322649572638e+07
1 5  2.804487179487707e+05
5 1  2.804487179487707e+05
1 6 -1.205929487179485e+07
6 1 -1.205929487179485e+07
1 10  1.243322649572638e+07
10 1  1.243322649572638e+07
1 11  1.205929487179485e+07
11 1  1.205929487179485e+07
1 12 -2.804487179487714e+05
12 1 -2.804487179487714e+05
1 13  4.954594017094002e+06
13 1  4.954594017094002e+06
1 14 -5.328525641025674e+06
14 1 -5.328525641025674e+06
1 15  5.328525641025670e+06
15 1  5.328525641025670e+06
1 100 -1.392895299145311e+07
100 1 -1.392895299145311e+07
1 101 -2.804487179487635e+05
101 1 -2.804487179487635e+05
1 102  2.804487179487738e+05
102 1  2.804487179487738e+05
1 103 -1.916399572649572e+07
103 1 -1.916399572649572e+07
1 104 -1.318108974358975e+07
104 1 -1.318108974358975e+07
1 105 -5.328525641025668e+06
105 1 -5.328525641025668e+06
1 109 -1.916399572649572e+07
109 1 -1.916399572649572e+07
1 110  5.328525641025676e+06
110 1  5.328525641025676e+06
1 111  1.318108974358974e+07
111 1  1.318108974358974e+07
1 112 -1.841613247863236e+07
112 1 -1.841613247863236e+07
1 113 -1.205929487179486e+07
113 1 -1.205929487179486e+07
1 114  1.205929487179485e+07
114 1  1.205929487179485e+07
2 2  4.085202991453014e+07
2 3 -1.318108974358975e+07
3 2 -1.318108974358975e+07
2 4 -2.804487179487709e+05
4 2 -2.804487179487709e+05
2 5 -1.392895299145310e+07
5 2 -1.392895299145310e+07
2 6  2.804487179487684e+05
6 2  2.804487179487684e+05
2 10  1.205929487179487e+07
10 2  1.205929487179487e+07
2 11  1.243322649572638e+07
11 2  1.243322649572638e+07
2 12 -2.804487179487684e+05
12 2 -2.804487179487684e+05
2 13  5.328525641025689e+06
13 2  5.328525641025689e+06
2 14 -1.916399572649572e+07
14 2 -1.916399572649572e+07
2 15  1.318108974358974e+07
15 2  1.318108974358974e+07
2 100  2.804487179487572e+05
100 2  2.804487179487572e+05
2 101  1.243322649572640e+07
101 2  1.243322649572640e+07
2 102 -1.205929487179486e+07
102 2 -1.205929487179486e+07
2 103 -1.318108974358976e+07
103 2 -1.318108974358976e+07
2 104 -1.916399572649572e+07
104 2 -1.916399572649572e+07
2 105 -5.328525641025673e+06
105 2 -5.328525641025673e+06
2 109 -5.328525641025671e+06
109 2 -5.328525641025671e+06
2 110  4.954594017094000e+06
110 2  4.954594017094000e+06
2 111  5.328525641025672e+06
111 2  5.328525641025672e+06
2 112 -1.205929487179486e+07
112 2 -1.205929487179486e+07
2 113 -1.841613247863237e+07
113 2 -1.841613247863237e+07
2 114  1.205929487179486e+07
114 2  1.205929487179486e+07
3 3  4.085202991453014e+07
3 4 -1.205929487179485e+07
4 3 -1.205929487179485e+07
3 5 -2.804487179487699e+05
5 3 -2.804487179487699e+05
3 6  1.243322649572638e+07
6 3  1.243322649572638e+07
3 10  2.804487179487619e+05
10 3  2.804487179487619e+05
3 11  2.804487179487694e+05
11 3  2.804487179487694e+05
3 12 -1.392895299145310e+07
12 3 -1.392895299145310e+07
3 13 -5.328525641025682e+06
13 3 -5.328525641025682e+06
3 14  1.318108974358975e+07
14 3  1.318108974358975e+07
3 15 -1.916399572649571e+07
15 3 -1.916399572649571e+07
3 100 -2.804487179487640e+05
100 3 -2.804487179487640e+05
3 101 -1.205929487179486e+07
101 3 -1.205929487179486e+07
3 102  1.243322649572638e+07
102 3  1.243322649572638e+07
3 103  5.328525641025679e+06
103 3  5.328525641025679e+06
3 104  5.328525641025675e+06
104 3  5.328525641025675e+06
3 105  4.954594017093994e+06
105 3  4.954594017093994e+06
3 109  1.318108974358974e+07
109 3  1.318108974358974e+07
3 110 -5.328525641025676e+06
110 3 -5.328525641025676e+06
3 111 -1.916399572649572e+07
111 3 -1.916399572649572e+07
3 112  1.205929487179485e+07
112 3  1.205929487179485e+07
3 113  1.205929487179486e+07
113 3  1.205929487179486e+07
3 114 -1.841613247863236e+07
114 3 -1.841613247863236e+07
4 4  8.170405982906027e+07
4 6 -2.636217948717949e+07
6 4 -2.636217948717949e+07
4 7  1.243322649572638e+07
7 4  1.243322649572638e+07
4 8  2.804487179487706e+05
8 4  2.804487179487706e+05
4 9 -1.205929487179485e+07
9 4 -1.205929487179485e+07
4 10  4.954594017094002e+06
10 4  4.954594017094002e+06
4 11  5.328525641025681e+06
11 4  5.328525641025681e+06
4 12  5.328525641025669e+06
12 4  5.328525641025669e+06
4 13  2.486645299145276e+07
13 4  2.486645299145276e+07
4 14 -3.725290298461914e-09
14 4 -3.725290298461914e-09
4 15 -5.608974358975467e+05
15 4 -5.608974358975467e+05
4 16  4.954594017094002e+06
16 4  4.954594017094002e+06
4 17 -5.328525641025674e+06
17 4 -5.328525641025674e+06
4 18  5.328525641025671e+06
18 4  5.328525641025671e+06
4 100 -1.916399572649573e+07
100 4 -1.916399572649573e+07
4 101  1.318108974358975e+07
101 4  1.318108974358975e+07
4 102 -5.328525641025668e+06
102 4 -5.328525641025668e+06
4 103 -2.785790598290621e+07
103 4 -2.785790598290621e+07
4 104 -5.238689482212067e-10
104 4 -5.238689482212067e-10
4 105  5.608974358975475e+05
105 4  5.608974358975475e+05
4 106 -1.916399572649573e+07
106 4 -1.916399572649573e+07
4 107 -1.318108974358975e+07
107 4 -1.318108974358975e+07
4 108 -5.328525641025668e+06
108 4 -5.328525641025668e+06
4 109 -1.841613247863236e+07
109 4 -1.841613247863236e+07
4 110  1.205929487179487e+07
110 4  1.205929487179487e+07
4 111  1.205929487179486e+07
111 4  1.205929487179486e+07
4 112 -3.832799145299143e+07
112 4 -3.832799145299143e+07
4 113 -9.313225746154785e-10
113 4 -9.313225746154785e-10
4 114  2.636217948717948e+07
114 4  2.636217948717948e+07
4 115 -1.841613247863236e+07
115 4 -1.841613247863236e+07
4 116 -1.205929487179486e+07
116 4 -1.205929487179486e+07
4 117  1.205929487179486e+07
117 4  1.205929487179486e+07
5 5  8.170405982906029e+07
5 7 -2.804487179487709e+05
7 5 -2.804487179487709e+05
5 8 -1.392895299145310e+07
8 5 -1.392895299145310e+07
5 9  2.804487179487684e+05
9 5  2.804487179487684e+05
5 10 -5.328525641025692e+06
10 5 -5.328525641025692e+06
5 11 -1.916399572649572e+07
11 5 -1.916399572649572e+07
5 12 -1.318108974358975e+07
12 5 -1.318108974358975e+07
5 13  9.313225746154785e-09
13 5  9.313225746154785e-09
5 14  2.486645299145275e+07
14 5  2.486645299145275e+07
5 15  1.746229827404022e-09
15 5  1.746229827404022e-09
5 16  5.328525641025689e+06
16 5  5.328525641025689e+06
5 17 -1.916399572649572e+07
17 5 -1.916399572649572e+07
5 18  1.318108974358974e+07
18 5  1.318108974358974e+07
5 100  1.318108974358976e+07
100 5  1.318108974358976e+07
5 101 -1.916399572649572e+07
101 5 -1.916399572649572e+07
5 102  5.328525641025672e+06
102 5  5.328525641025672e+06
5 103  5.820766091346741e-11
103 5  5.820766091346741e-11
5 104  2.486645299145279e+07
104 5  2.486645299145279e+07
5 106 -1.318108974358976e+07
106 5 -1.318108974358976e+07
5 107 -1.916399572649572e+07
107 5 -1.916399572649572e+07
5 108 -5.328525641025673e+06
108 5 -5.328525641025673e+06
5 109  1.205929487179485e+07
109 5  1.205929487179485e+07
5 110 -1.841613247863237e+07
110 5 -1.841613247863237e+07
5 111 -1.205929487179486e+07
111 5 -1.205929487179486e+07
5 112  5.587935447692871e-09
112 5  5.587935447692871e-09
5 113  9.909188034188012e+06
113 5  9.909188034188012e+06
5 115 -1.205929487179486e+07
115 5 -1.205929487179486e+07
5 116 -1.841613247863237e+07
116 5 -1.841613247863237e+07
5 117  1.205929487179486e+07
117 5  1.205929487179486e+07
6 6  8.170405982906029e+07
6 7 -1.205929487179485e+07
7 6 -1.205929487179485e+07
6 8 -2.804487179487699e+05
8 6 -2.804487179487699e+05
6 9  1.243322649572638e+07
9 6  1.243322649572638e+07
6 10 -5.328525641025683e+06
10 6 -5.328525641025683e+06
6 11 -1.318108974358975e+07
11 6 -1.318108974358975e+07
6 12 -1.916399572649571e+07
12 6 -1.916399572649571e+07
6 13  5.608974358975234e+05
13 6  5.608974358975234e+05
6 14  2.037268131971359e-09
14 6  2.037268131971359e-09
6 15 -2.785790598290621e+07
15 6 -2.785790598290621e+07
6 16 -5.328525641025683e+06
16 6 -5.328525641025683e+06
6 17  1.318108974358975e+07
17 6  1.318108974358975e+07
6 18 -1.916399572649571e+07
18 6 -1.916399572649571e+07
6 100  5.328525641025679e+06
100 6  5.328525641025679e+06
6 101 -5.328525641025676e+06
101 6 -5.328525641025676e+06
6 102  4.954594017093994e+06
102 6  4.954594017093994e+06
6 103 -5.608974358975240e+05
103 6 -5.608974358975240e+05
6 104  1.862645149230957e-09
104 6  1.862645149230957e-09
6 105  2.486645299145277e+07
105 6  2.486645299145277e+07
6 106  5.328525641025679e+06
106 6  5.328525641025679e+06
6 107  5.328525641025675e+06
107 6  5.328525641025675e+06
6 108  4.954594017093994e+06
108 6  4.954594017093994e+06
6 109  1.205929487179485e+07
109 6  1.205929487179485e+07
6 110 -1.205929487179486e+07
110 6 -1.205929487179486e+07
6 111 -1.841613247863236e+07
111 6 -1.841613247863236e+07
6 112  2.636217948717948e+07
112 6  2.636217948717948e+07
6 113 -1.862645149230957e-09
113 6 -1.862645149230957e-09
6 114 -3.832799145299143e+07
114 6 -3.832799145299143e+07
6 115  1.205929487179485e+07
115 6  1.205929487179485e+07
6 116  1.205929487179486e+07
116 6  1.205929487179486e+07
6 117 -1.841613247863236e+07
117 6 -1.841613247863236e+07
7 7  4.085202991453013e+07
7 8 -1.318108974358975e+07
8 7 -1.318108974358975e+07
7 9 -1.318108974358974e+07
9 7 -1.318108974358974e+07
7 13  4.954594017094002e+06
13 7  4.954594017094002e+06
7 14  5.328525641025681e+06
14 7  5.328525641025681e+06
7 15  5.328525641025669e+06
15 7  5.328525641025669e+06
7 16  1.243322649572638e+07
16 7  1.243322649572638e+07
7 17 -1.205929487179486e+07
17 7 -1.205929487179486e+07
7 18 -2.804487179487753e+05
18 7 -2.804487179487753e+05
7 103 -1.916399572649574e+07
103 7 -1.916399572649574e+07
7 104  1.318108974358975e+07
104 7  1.318108974358975e+07
7 105 -5.328525641025668e+06
105 7 -5.328525641025668e+06
7 106 -1.392895299145310e+07
106 7 -1.392895299145310e+07
7 107  2.804487179487629e+05
107 7  2.804487179487629e+05
7 108  2.804487179487739e+05
108 7  2.804487179487739e+05
7 112 -1.841613247863236e+07
112 7 -1.841613247863236e+07
7 113  1.205929487179487e+07
113 7  1.205929487179487e+07
7 114  1.205929487179486e+07
114 7  1.205929487179486e+07
7 115 -1.916399572649571e+07
115 7 -1.916399572649571e+07
7 116 -5.328525641025677e+06
116 7 -5.328525641025677e+06
7 117  1.318108974358974e+07
117 7  1.318108974358974e+07
8 8  4.085202991453014e+07
8 9  1.318108974358975e+07
9 8  1.318108974358975e+07
8 13 -5.328525641025692e+06
13 8 -5.328525641025692e+06
8 14 -1.916399572649572e+07
14 8 -1.916399572649572e+07
8 15 -1.318108974358975e+07
15 8 -1.318108974358975e+07
8 16 -1.205929487179487e+07
16 8 -1.205929487179487e+07
8 17  1.243322649572637e+07
17 8  1.243322649572637e+07
8 18  2.804487179487702e+05
18 8  2.804487179487702e+05
8 103  1.318108974358976e+07
103 8  1.318108974358976e+07
8 104 -1.916399572649572e+07
104 8 -1.916399572649572e+07
8 105  5.328525641025672e+06
105 8  5.328525641025672e+06
8 106 -2.804487179487562e+05
106 8 -2.804487179487562e+05
8 107  1.243322649572640e+07
107 8  1.243322649572640e+07
8 108  1.205929487179486e+07
108 8  1.205929487179486e+07
8 112  1.205929487179485e+07
112 8  1.205929487179485e+07
8 113 -1.841613247863237e+07
113 8 -1.841613247863237e+07
8 114 -1.205929487179486e+07
114 8 -1.205929487179486e+07
8 115  5.328525641025676e+06
115 8  5.328525641025676e+06
8 116  4.954594017094011e+06
116 8  4.954594017094011e+06
8 117 -5.328525641025672e+06
117 8 -5.328525641025672e+06
9 9  4.085202991453014e+07
9 13 -5.328525641025681e+06
13 9 -5.328525641025681e+06
9 14 -1.318108974358975e+07
14 9 -1.318108974358975e+07
9 15 -1.916399572649571e+07
15 9 -1.916399572649571e+07
9 16  2.804487179487615e+05
16 9  2.804487179487615e+05
9 17 -2.804487179487674e+05
17 9 -2.804487179487674e+05
9 18 -1.392895299145310e+07
18 9 -1.392895299145310e+07
9 103  5.328525641025679e+06
103 9  5.328525641025679e+06
9 104 -5.328525641025676e+06
104 9 -5.328525641025676e+06
9 105  4.954594017093994e+06
105 9  4.954594017093994e+06
9 106 -2.804487179487614e+05
106 9 -2.804487179487614e+05
9 107  1.205929487179487e+07
107 9  1.205929487179487e+07
9 108  1.243322649572638e+07
108 9  1.243322649572638e+07
9 112  1.205929487179485e+07
112 9  1.205929487179485e+07
9 113 -1.205929487179486e+07
113 9 -1.205929487179486e+07
9 114 -1.841613247863236e+07
114 9 -1.841613247863236e+07
9 115  1.318108974358974e+07
115 9  1.318108974358974e+07
9 116  5.328525641025675e+06
116 9  5.328525641025675e+06
9 117 -1.916399572649571e+07
117 9 -1.916399572649571e+07
10 10  8.170405982906032e+07
10 11  2.636217948717952e+07
11 10  2.636217948717952e+07
10 12 -1.676380634307861e-08
12 10 -1.676380634307861e-08
10 13  2.486645299145282e+07
13 10  2.486645299145282e+07
10 14  5.608974358975091e+05
14 10  5.608974358975091e+05
10 15 -1.303851604461670e-08
15 10 -1.303851604461670e-08
10 19  1.243322649572638e+07
19 10  1.243322649572638e+07
10 20  1.205929487179488e+07
20 10  1.205929487179488e+07
10 21 -2.804487179487469e+05
21 10 -2.804487179487469e+05
10 22  4.954594017094001e+06
22 10  4.954594017094001e+06
10 23 -5.328525641025698e+06
23 10 -5.328525641025698e+06
10 24  5.328525641025696e+06
24 10  5.328525641025696e+06
10 100 -1.916399572649574e+07
100 10 -1.916399572649574e+07
10 101  5.328525641025690e+06
101 10  5.328525641025690e+06
10 102 -1.318108974358975e+07
102 10 -1.318108974358975e+07
10 103 -1.841613247863238e+07
103 10 -1.841613247863238e+07
10 104 -1.205929487179487e+07
104 10 -1.205929487179487e+07
10 105 -1.205929487179486e+07
105 10 -1.205929487179486e+07
10 109 -2.785790598290620e+07
109 10 -2.785790598290620e+07
10 110 -5.608974358974965e+05
110 10 -5.608974358974965e+05
10 111 -1.559965312480927e-08
111 10 -1.559965312480927e-08
10 112 -3.832799145299144e+07
112 10 -3.832799145299144e+07
10 113 -2.636217948717953e+07
113 10 -2.636217948717953e+07
10 114 -1.210719347000122e-08
114 10 -1.210719347000122e-08
10 118 -1.916399572649574e+07
118 10 -1.916399572649574e+07
10 119  5.328525641025696e+06
119 10  5.328525641025696e+06
10 120  1.318108974358977e+07
120 10  1.318108974358977e+07
10 121 -1.841613247863239e+07
121 10 -1.841613247863239e+07
10 122 -1.205929487179488e+07
122 10 -1.205929487179488e+07
10 123  1.205929487179488e+07
123 10  1.205929487179488e+07
11 11  8.170405982906027e+07
11 12 -9.313225746154785e-09
12 11 -9.313225746154785e-09
11 13 -5.608974358975075e+05
13 11 -5.608974358975075e+05
11 14 -2.785790598290621e+07
14 11 -2.785790598290621e+07
11 15 -1.123407855629921e-08
15 11 -1.123407855629921e-08
11 19  1.205929487179485e+07
19 11  1.205929487179485e+07
11 20  1.243322649572638e+07
20 11  1.243322649572638e+07
11 21 -2.804487179487558e+05
21 11 -2.804487179487558e+05
11 22  5.328525641025676e+06
22 11  5.328525641025676e+06
11 23 -1.916399572649572e+07
23 11 -1.916399572649572e+07
11 24  1.318108974358976e+07
24 11  1.318108974358976e+07
11 100 -5.328525641025686e+06
100 11 -5.328525641025686e+06
11 101  4.954594017094010e+06
101 11  4.954594017094010e+06
11 102 -5.328525641025672e+06
102 11 -5.328525641025672e+06
11 103 -1.205929487179486e+07
103 11 -1.205929487179486e+07
11 104 -1.841613247863238e+07
104 11 -1.841613247863238e+07
11 105 -1.205929487179486e+07
105 11 -1.205929487179486e+07
11 109  5.608974358975380e+05
109 11  5.608974358975380e+05
11 110  2.486645299145279e+07
110 11  2.486645299145279e+07
11 111 -1.676380634307861e-08
111 11 -1.676380634307861e-08
11 112 -2.636217948717949e+07
112 11 -2.636217948717949e+07
11 113 -3.832799145299144e+07
113 11 -3.832799145299144e+07
11 114 -1.117587089538574e-08
114 11 -1.117587089538574e-08
11 118 -5.328525641025696e+06
118 11 -5.328525641025696e+06
11 119  4.954594017094011e+06
119 11  4.954594017094011e+06
11 120  5.328525641025686e+06
120 11  5.328525641025686e+06
11 121 -1.205929487179487e+07
121 11 -1.205929487179487e+07
11 122 -1.841613247863238e+07
122 11 -1.841613247863238e+07
11 123  1.205929487179487e+07
123 11  1.205929487179487e+07
12 12  8.170405982906029e+07
12 13 -1.676380634307861e-08
13 12 -1.676380634307861e-08
12 14  1.315493136644363e-08
14 12  1.315493136644363e-08
12 15  2.486645299145278e+07
15 12  2.486645299145278e+07
12 19  2.804487179487686e+05
19 12  2.804487179487686e+05
12 20  2.804487179487570e+05
20 12  2.804487179487570e+05
12 21 -1.392895299145313e+07
21 12 -1.392895299145313e+07
12 22 -5.328525641025674e+06
22 12 -5.328525641025674e+06
12 23  1.318108974358976e+07
23 12  1.318108974358976e+07
12 24 -1.916399572649573e+07
24 12 -1.916399572649573e+07
12 100 -1.318108974358976e+07
100 12 -1.318108974358976e+07
12 101  5.328525641025676e+06
101 12  5.328525641025676e+06
12 102 -1.916399572649571e+07
102 12 -1.916399572649571e+07
12 103 -1.205929487179487e+07
103 12 -1.205929487179487e+07
12 104 -1.205929487179487e+07
104 12 -1.205929487179487e+07
12 105 -1.841613247863236e+07
105 12 -1.841613247863236e+07
12 109  4.074536263942719e-09
109 12  4.074536263942719e-09
12 110 -9.313225746154785e-09
110 12 -9.313225746154785e-09
12 111  2.486645299145279e+07
111 12  2.486645299145279e+07
12 112  3.725290298461914e-09
112 12  3.725290298461914e-09
12 113  6.519258022308350e-09
113 12  6.519258022308350e-09
12 114  9.909188034188010e+06
114 12  9.909188034188010e+06
12 118  1.318108974358977e+07
118 12  1.318108974358977e+07
12 119 -5.328525641025686e+06
119 12 -5.328525641025686e+06
12 120 -1.916399572649573e+07
120 12 -1.916399572649573e+07
12 121  1.205929487179488e+07
121 12  1.205929487179488e+07
12 122  1.205929487179487e+07
122 12  1.205929487179487e+07
12 123 -1.841613247863238e+07
123 12 -1.841613247863238e+07
13 13  1.634081196581206e+08
13 14 -3.725290298461914e-09
14 13 -3.725290298461914e-09
13 15 -3.166496753692627e-08
15 13 -3.166496753692627e-08
13 16  2.486645299145282e+07
16 13  2.486645299145282e+07
13 17  5.608974358975082e+05
17 13  5.608974358975082e+05
13 18 -1.676380634307861e-08
18 13 -1.676380634307861e-08
13 19  4.954594017093999e+06
19 13  4.954594017093999e+06
13 20  5.328525641025692e+06
20 13  5.328525641025692e+06
13 21  5.328525641025698e+06
21 13  5.328525641025698e+06
13 22  2.486645299145277e+07
22 13  2.486645299145277e+07
13 23  7.450580596923828e-09
23 13  7.450580596923828e-09
13 24 -5.608974358974937e+05
24 13 -5.608974358974937e+05
13 25  4.954594017094001e+06
25 13  4.954594017094001e+06
13 26 -5.328525641025698e+06
26 13 -5.328525641025698e+06
13 27  5.328525641025696e+06
27 13  5.328525641025696e+06
13 100 -1.841613247863239e+07
100 13 -1.841613247863239e+07
13 101  1.205929487179487e+07
101 13  1.205929487179487e+07
13 102 -1.205929487179486e+07
102 13 -1.205929487179486e+07
13 103 -3.832799145299147e+07
103 13 -3.832799145299147e+07
13 104  2.793967723846436e-09
104 13  2.793967723846436e-09
13 105 -2.636217948717950e+07
105 13 -2.636217948717950e+07
13 106 -1.841613247863238e+07
106 13 -1.841613247863238e+07
13 107 -1.205929487179487e+07
107 13 -1.205929487179487e+07
13 108 -1.205929487179486e+07
108 13 -1.205929487179486e+07
13 109 -3.832799145299146e+07
109 13 -3.832799145299146e+07
13 110  2.636217948717952e+07
110 13  2.636217948717952e+07
13 111 -1.769512891769409e-08
111 13 -1.769512891769409e-08
13 112 -5.571581196581242e+07
112 13 -5.571581196581242e+07
13 113  1.920852810144424e-09
113 13  1.920852810144424e-09
13 114 -2.799788489937782e-08
114 13 -2.799788489937782e-08
13 115 -3.832799145299144e+07
115 13 -3.832799145299144e+07
13 116 -2.636217948717953e+07
116 13 -2.636217948717953e+07
13 117 -1.303851604461670e-08
117 13 -1.303851604461670e-08
13 118 -1.841613247863239e+07
118 13 -1.841613247863239e+07
13 119  1.205929487179488e+07
119 13  1.205929487179488e+07
13 120  1.205929487179488e+07
120 13  1.205929487179488e+07
13 121 -3.832799145299149e+07
121 13 -3.832799145299149e+07
13 122  3.725290298461914e-09
122 13  3.725290298461914e-09
13 123  2.636217948717954e+07
123 13  2.636217948717954e+07
13 124 -1.841613247863239e+07
124 13 -1.841613247863239e+07
13 125 -1.205929487179488e+07
125 13 -1.205929487179488e+07
13 126  1.205929487179488e+07
126 13  1.205929487179488e+07
14 14  1.634081196581205e+08
14 16 -5.608974358975088e+05
16 14 -5.608974358975088e+05
14 17 -2.785790598290621e+07
17 14 -2.785790598290621e+07
14 18 -1.123407855629921e-08
18 14 -1.123407855629921e-08
14 19 -5.328525641025669e+06
19 14 -5.328525641025669e+06
14 20 -1.916399572649572e+07
20 14 -1.916399572649572e+07
14 21 -1.318108974358976e+07
21 14 -1.318108974358976e+07
14 22 -5.587935447692871e-09
22 14 -5.587935447692871e-09
14 23  2.486645299145276e+07
23 14  2.486645299145276e+07
14 24  4.074536263942719e-09
24 14  4.074536263942719e-09
14 25  5.328525641025676e+06
25 14  5.328525641025676e+06
14 26 -1.916399572649572e+07
26 14 -1.916399572649572e+07
14 27  1.318108974358976e+07
27 14  1.318108974358976e+07
14 100  1.205929487179487e+07
100 14  1.205929487179487e+07
14 101 -1.841613247863238e+07
101 14 -1.841613247863238e+07
14 102  1.205929487179486e+07
102 14  1.205929487179486e+07
14 103 -1.862645149230957e-09
103 14 -1.862645149230957e-09
14 104  9.909188034188010e+06
104 14  9.909188034188010e+06
14 105 -9.313225746154785e-10
105 14 -9.313225746154785e-10
14 106 -1.205929487179487e+07
106 14 -1.205929487179487e+07
14 107 -1.841613247863238e+07
107 14 -1.841613247863238e+07
14 108 -1.205929487179486e+07
108 14 -1.205929487179486e+07
14 109  2.636217948717949e+07
109 14  2.636217948717949e+07
14 110 -3.832799145299144e+07
110 14 -3.832799145299144e+07
14 111  1.303851604461670e-08
111 14  1.303851604461670e-08
14 112 -2.444721758365631e-09
112 14 -2.444721758365631e-09
14 113  4.973290598290557e+07
113 14  4.973290598290557e+07
14 115 -2.636217948717949e+07
115 14 -2.636217948717949e+07
14 116 -3.832799145299144e+07
116 14 -3.832799145299144e+07
14 117 -1.117587089538574e-08
117 14 -1.117587089538574e-08
14 118  1.205929487179488e+07
118 14  1.205929487179488e+07
14 119 -1.841613247863238e+07
119 14 -1.841613247863238e+07
14 120 -1.205929487179487e+07
120 14 -1.205929487179487e+07
14 121 -3.725290298461914e-09
121 14 -3.725290298461914e-09
14 122  9.909188034188008e+06
122 14  9.909188034188008e+06
14 123  9.313225746154785e-10
123 14  9.313225746154785e-10
14 124 -1.205929487179487e+07
124 14 -1.205929487179487e+07
14 125 -1.841613247863238e+07
125 14 -1.841613247863238e+07
14 126  1.205929487179487e+07
126 14  1.205929487179487e+07
15 15  1.634081196581206e+08
15 16 -1.676380634307861e-08
16 15 -1.676380634307861e-08
15 17  1.315493136644363e-08
17 15  1.315493136644363e-08
15 18  2.486645299145278e+07
18 15  2.486645299145278e+07
15 19 -5.328525641025674e+06
19 15 -5.328525641025674e+06
15 20 -1.318108974358976e+07
20 15 -1.318108974358976e+07
15 21 -1.916399572649573e+07
21 15 -1.916399572649573e+07
15 22  5.608974358975404e+05
22 15  5.608974358975404e+05
15 23 -4.656612873077393e-10
23 15 -4.656612873077393e-10
15 24 -2.785790598290625e+07
24 15 -2.785790598290625e+07
15 25 -5.328525641025674e+06
25 15 -5.328525641025674e+06
15 26  1.318108974358976e+07
26 15  1.318108974358976e+07
15 27 -1.916399572649573e+07
27 15 -1.916399572649573e+07
15 100 -1.205929487179487e+07
100 15 -1.205929487179487e+07
15 101  1.205929487179487e+07
101 15  1.205929487179487e+07
15 102 -1.841613247863236e+07
102 15 -1.841613247863236e+07
15 103 -2.636217948717951e+07
103 15 -2.636217948717951e+07
15 105 -3.832799145299143e+07
105 15 -3.832799145299143e+07
15 106 -1.205929487179487e+07
106 15 -1.205929487179487e+07
15 107 -1.205929487179487e+07
107 15 -1.205929487179487e+07
15 108 -1.841613247863236e+07
108 15 -1.841613247863236e+07
15 109  2.793967723846436e-09
109 15  2.793967723846436e-09
15 110 -9.313225746154785e-09
110 15 -9.313225746154785e-09
15 111  9.909188034188010e+06
111 15  9.909188034188010e+06
15 112  6.170012056827545e-09
112 15  6.170012056827545e-09
15 114  4.973290598290557e+07
114 15  4.973290598290557e+07
15 115  4.656612873077393e-09
115 15  4.656612873077393e-09
15 116  6.519258022308350e-09
116 15  6.519258022308350e-09
15 117  9.909188034188010e+06
117 15  9.909188034188010e+06
15 118  1.205929487179488e+07
118 15  1.205929487179488e+07
15 119 -1.205929487179487e+07
119 15 -1.205929487179487e+07
15 120 -1.841613247863238e+07
120 15 -1.841613247863238e+07
15 121  2.636217948717954e+07
121 15  2.636217948717954e+07
15 122 -9.313225746154785e-10
122 15 -9.313225746154785e-10
15 123 -3.832799145299146e+07
123 15 -3.832799145299146e+07
15 124  1.205929487179488e+07
124 15  1.205929487179488e+07
15 125  1.205929487179487e+07
125 15  1.205929487179487e+07
15 126 -1.841613247863239e+07
126 15 -1.841613247863239e+07
16 16  8.170405982906035e+07
16 17 -2.636217948717953e+07
17 16 -2.636217948717953e+07
16 18 -1.490116119384766e-08
18 16 -1.490116119384766e-08
16 22  4.954594017093999e+06
22 16  4.954594017093999e+06
16 23  5.328525641025694e+06
23 16  5.328525641025694e+06
16 24  5.328525641025698e+06
24 16  5.328525641025698e+06
16 25  1.243322649572639e+07
25 16  1.243322649572639e+07
16 26 -1.205929487179488e+07
26 16 -1.205929487179488e+07
16 27 -2.804487179487459e+05
27 16 -2.804487179487459e+05
16 103 -1.841613247863239e+07
103 16 -1.841613247863239e+07
16 104  1.205929487179487e+07
104 16  1.205929487179487e+07
16 105 -1.205929487179486e+07
105 16 -1.205929487179486e+07
16 106 -1.916399572649574e+07
106 16 -1.916399572649574e+07
16 107 -5.328525641025688e+06
107 16 -5.328525641025688e+06
16 108 -1.318108974358975e+07
108 16 -1.318108974358975e+07
16 112 -3.832799145299146e+07
112 16 -3.832799145299146e+07
16 113  2.636217948717952e+07
113 16  2.636217948717952e+07
16 114 -1.676380634307861e-08
114 16 -1.676380634307861e-08
16 115 -2.785790598290621e+07
115 16 -2.785790598290621e+07
16 116  5.608974358974984e+05
116 16  5.608974358974984e+05
16 117 -1.303851604461670e-08
117 16 -1.303851604461670e-08
16 121 -1.841613247863239e+07
121 16 -1.841613247863239e+07
16 122  1.205929487179488e+07
122 16  1.205929487179488e+07
16 123  1.205929487179488e+07
123 16  1.205929487179488e+07
16 124 -1.916399572649575e+07
124 16 -1.916399572649575e+07
16 125 -5.328525641025692e+06
125 16 -5.328525641025692e+06
16 126  1.318108974358977e+07
126 16  1.318108974358977e+07
17 17  8.170405982906029e+07
17 18  9.313225746154785e-09
18 17  9.313225746154785e-09
17 22 -5.328525641025669e+06
22 17 -5.328525641025669e+06
17 23 -1.916399572649572e+07
23 17 -1.916399572649572e+07
17 24 -1.318108974358976e+07
24 17 -1.318108974358976e+07
17 25 -1.205929487179485e+07
25 17 -1.205929487179485e+07
17 26  1.243322649572638e+07
26 17  1.243322649572638e+07
17 27  2.804487179487599e+05
27 17  2.804487179487599e+05
17 103  1.205929487179487e+07
103 17  1.205929487179487e+07
17 104 -1.841613247863238e+07
104 17 -1.841613247863238e+07
17 105  1.205929487179486e+07
105 17  1.205929487179486e+07
17 106  5.328525641025684e+06
106 17  5.328525641025684e+06
17 107  4.954594017093999e+06
107 17  4.954594017093999e+06
17 108  5.328525641025671e+06
108 17  5.328525641025671e+06
17 112  2.636217948717949e+07
112 17  2.636217948717949e+07
17 113 -3.832799145299144e+07
113 17 -3.832799145299144e+07
17 114  1.303851604461670e-08
114 17  1.303851604461670e-08
17 115 -5.608974358975410e+05
115 17 -5.608974358975410e+05
17 116  2.486645299145278e+07
116 17  2.486645299145278e+07
17 117  1.676380634307861e-08
117 17  1.676380634307861e-08
17 121  1.205929487179488e+07
121 17  1.205929487179488e+07
17 122 -1.841613247863238e+07
122 17 -1.841613247863238e+07
17 123 -1.205929487179487e+07
123 17 -1.205929487179487e+07
17 124  5.328525641025691e+06
124 17  5.328525641025691e+06
17 125  4.954594017093997e+06
125 17  4.954594017093997e+06
17 126 -5.328525641025685e+06
126 17 -5.328525641025685e+06
18 18  8.170405982906029e+07
18 22 -5.328525641025674e+06
22 18 -5.328525641025674e+06
18 23 -1.318108974358976e+07
23 18 -1.318108974358976e+07
18 24 -1.916399572649573e+07
24 18 -1.916399572649573e+07
18 25  2.804487179487709e+05
25 18  2.804487179487709e+05
18 26 -2.804487179487575e+05
26 18 -2.804487179487575e+05
18 27 -1.392895299145313e+07
27 18 -1.392895299145313e+07
18 103 -1.205929487179487e+07
103 18 -1.205929487179487e+07
18 104  1.205929487179487e+07
104 18  1.205929487179487e+07
18 105 -1.841613247863236e+07
105 18 -1.841613247863236e+07
18 106 -1.318108974358975e+07
106 18 -1.318108974358975e+07
18 107 -5.328525641025676e+06
107 18 -5.328525641025676e+06
18 108 -1.916399572649572e+07
108 18 -1.916399572649572e+07
18 112  2.793967723846436e-09
112 18  2.793967723846436e-09
18 113 -9.313225746154785e-09
113 18 -9.313225746154785e-09
18 114  9.909188034188010e+06
114 18  9.909188034188010e+06
18 115  1.571606844663620e-09
115 18  1.571606844663620e-09
18 116  9.313225746154785e-09
116 18  9.313225746154785e-09
18 117  2.486645299145278e+07
117 18  2.486645299145278e+07
18 121  1.205929487179488e+07
121 18  1.205929487179488e+07
18 122 -1.205929487179487e+07
122 18 -1.205929487179487e+07
18 123 -1.841613247863238e+07
123 18 -1.841613247863238e+07
18 124  1.318108974358977e+07
124 18  1.318108974358977e+07
18 125  5.328525641025685e+06
125 18  5.328525641025685e+06
18 126 -1.916399572649574e+07
126 18 -1.916399572649574e+07
19 19  8.170405982906030e+07
19 20  2.636217948717951e+07
20 19  2.636217948717951e+07
19 21 -1.117587089538574e-08
21 19 -1.117587089538574e-08
19 22  2.486645299145277e+07
22 19  2.486645299145277e+07
19 23  5.608974358975249e+05
23 19  5.608974358975249e+05
19 24 -9.313225746154785e-09
24 19 -9.313225746154785e-09
19 28  1.243322649572640e+07
28 19  1.243322649572640e+07
19 29  1.205929487179488e+07
29 19  1.205929487179488e+07
19 30 -2.804487179487598e+05
30 19 -2.804487179487598e+05
19 31  4.954594017094009e+06
31 19  4.954594017094009e+06
19 32 -5.328525641025691e+06
32 19 -5.328525641025691e+06
19 33  5.328525641025686e+06
33 19  5.328525641025686e+06
19 109 -1.916399572649571e+07
109 19 -1.916399572649571e+07
19 110  5.328525641025670e+06
110 19  5.328525641025670e+06
19 111 -1.318108974358975e+07
111 19 -1.318108974358975e+07
19 112 -1.841613247863234e+07
112 19 -1.841613247863234e+07
19 113 -1.205929487179486e+07
113 19 -1.205929487179486e+07
19 114 -1.205929487179486e+07
114 19 -1.205929487179486e+07
19 118 -2.785790598290623e+07
118 19 -2.785790598290623e+07
19 119 -5.608974358975221e+05
119 19 -5.608974358975221e+05
19 120 -9.837094694375992e-09
120 19 -9.837094694375992e-09
19 121 -3.832799145299146e+07
121 19 -3.832799145299146e+07
19 122 -2.636217948717951e+07
122 19 -2.636217948717951e+07
19 123 -1.303851604461670e-08
123 19 -1.303851604461670e-08
19 127 -1.916399572649574e+07
127 19 -1.916399572649574e+07
19 128  5.328525641025693e+06
128 19  5.328525641025693e+06
19 129  1.318108974358976e+07
129 19  1.318108974358976e+07
19 130 -1.841613247863239e+07
130 19 -1.841613247863239e+07
19 131 -1.205929487179488e+07
131 19 -1.205929487179488e+07
19 132  1.205929487179487e+07
132 19  1.205929487179487e+07
20 20  8.170405982906029e+07
20 21  7.450580596923828e-09
21 20  7.450580596923828e-09
20 22 -5.608974358975248e+05
22 20 -5.608974358975248e+05
20 23 -2.785790598290624e+07
23 20 -2.785790598290624e+07
20 24  6.577465683221817e-09
24 20  6.577465683221817e-09
20 28  1.205929487179486e+07
28 20  1.205929487179486e+07
20 29  1.243322649572640e+07
29 20  1.243322649572640e+07
20 30 -2.804487179487646e+05
30 20 -2.804487179487646e+05
20 31  5.328525641025684e+06
31 20  5.328525641025684e+06
20 32 -1.916399572649573e+07
32 20 -1.916399572649573e+07
20 33  1.318108974358975e+07
33 20  1.318108974358975e+07
20 109 -5.328525641025670e+06
109 20 -5.328525641025670e+06
20 110  4.954594017094000e+06
110 20  4.954594017094000e+06
20 111 -5.328525641025687e+06
111 20 -5.328525641025687e+06
20 112 -1.205929487179485e+07
112 20 -1.205929487179485e+07
20 113 -1.841613247863238e+07
113 20 -1.841613247863238e+07
20 114 -1.205929487179487e+07
114 20 -1.205929487179487e+07
20 118  5.608974358975097e+05
118 20  5.608974358975097e+05
20 119  2.486645299145279e+07
119 20  2.486645299145279e+07
20 120  3.725290298461914e-09
120 20  3.725290298461914e-09
20 121 -2.636217948717953e+07
121 20 -2.636217948717953e+07
20 122 -3.832799145299146e+07
122 20 -3.832799145299146e+07
20 123  5.587935447692871e-09
123 20  5.587935447692871e-09
20 127 -5.328525641025693e+06
127 20 -5.328525641025693e+06
20 128  4.954594017094014e+06
128 20  4.954594017094014e+06
20 129  5.328525641025681e+06
129 20  5.328525641025681e+06
20 130 -1.205929487179488e+07
130 20 -1.205929487179488e+07
20 131 -1.841613247863238e+07
131 20 -1.841613247863238e+07
20 132  1.205929487179487e+07
132 20  1.205929487179487e+07
21 21  8.170405982906029e+07
21 22 -9.313225746154785e-09
22 21 -9.313225746154785e-09
21 23 -5.238689482212067e-09
23 21 -5.238689482212067e-09
21 24  2.486645299145278e+07
24 21  2.486645299145278e+07
21 28  2.804487179487698e+05
28 21  2.804487179487698e+05
21 29  2.804487179487626e+05
29 21  2.804487179487626e+05
21 30 -1.392895299145310e+07
30 21 -1.392895299145310e+07
21 31 -5.328525641025674e+06
31 21 -5.328525641025674e+06
21 32  1.318108974358975e+07
32 21  1.318108974358975e+07
21 33 -1.916399572649571e+07
33 21 -1.916399572649571e+07
21 109 -1.318108974358975e+07
109 21 -1.318108974358975e+07
21 110  5.328525641025686e+06
110 21  5.328525641025686e+06
21 111 -1.916399572649574e+07
111 21 -1.916399572649574e+07
21 112 -1.205929487179486e+07
112 21 -1.205929487179486e+07
21 113 -1.205929487179487e+07
113 21 -1.205929487179487e+07
21 114 -1.841613247863238e+07
114 21 -1.841613247863238e+07
21 118 -2.351589500904083e-08
118 21 -2.351589500904083e-08
21 119  3.725290298461914e-09
119 21  3.725290298461914e-09
21 120  2.486645299145278e+07
120 21  2.486645299145278e+07
21 121 -2.048909664154053e-08
121 21 -2.048909664154053e-08
21 122 -6.519258022308350e-09
122 21 -6.519258022308350e-09
21 123  9.909188034188008e+06
123 21  9.909188034188008e+06
21 127  1.318108974358976e+07
127 21  1.318108974358976e+07
21 128 -5.328525641025680e+06
128 21 -5.328525641025680e+06
21 129 -1.916399572649571e+07
129 21 -1.916399572649571e+07
21 130  1.205929487179487e+07
130 21  1.205929487179487e+07
21 131  1.205929487179486e+07
131 21  1.205929487179486e+07
21 132 -1.841613247863236e+07
132 21 -1.841613247863236e+07
22 22  1.634081196581206e+08
22 23 -1.862645149230957e-09
23 22 -1.862645149230957e-09
22 24 -2.235174179077148e-08
24 22 -2.235174179077148e-08
22 25  2.486645299145277e+07
25 22  2.486645299145277e+07
22 26  5.608974358975249e+05
26 22  5.608974358975249e+05
22 27 -9.313225746154785e-09
27 22 -9.313225746154785e-09
22 28  4.954594017094010e+06
28 22  4.954594017094010e+06
22 29  5.328525641025695e+06
29 22  5.328525641025695e+06
22 30  5.328525641025685e+06
30 22  5.328525641025685e+06
22 31  2.486645299145280e+07
31 22  2.486645299145280e+07
22 32 -5.587935447692871e-09
32 22 -5.587935447692871e-09
22 33 -5.608974358975196e+05
33 22 -5.608974358975196e+05
22 34  4.954594017094009e+06
34 22  4.954594017094009e+06
22 35 -5.328525641025691e+06
35 22 -5.328525641025691e+06
22 36  5.328525641025687e+06
36 22  5.328525641025687e+06
22 109 -1.841613247863235e+07
109 22 -1.841613247863235e+07
22 110  1.205929487179486e+07
110 22  1.205929487179486e+07
22 111 -1.205929487179486e+07
111 22 -1.205929487179486e+07
22 112 -3.832799145299141e+07
112 22 -3.832799145299141e+07
22 113 -1.862645149230957e-09
113 22 -1.862645149230957e-09
22 114 -2.636217948717949e+07
114 22 -2.636217948717949e+07
22 115 -1.841613247863234e+07
115 22 -1.841613247863234e+07
22 116 -1.205929487179486e+07
116 22 -1.205929487179486e+07
22 117 -1.205929487179486e+07
117 22 -1.205929487179486e+07
22 118 -3.832799145299147e+07
118 22 -3.832799145299147e+07
22 119  2.636217948717950e+07
119 22  2.636217948717950e+07
22 120 -1.024454832077026e-08
120 22 -1.024454832077026e-08
22 121 -5.571581196581245e+07
121 22 -5.571581196581245e+07
22 122  4.831235855817795e-09
122 22  4.831235855817795e-09
22 123 -2.491287887096405e-08
123 22 -2.491287887096405e-08
22 124 -3.832799145299146e+07
124 22 -3.832799145299146e+07
22 125 -2.636217948717951e+07
125 22 -2.636217948717951e+07
22 126 -1.303851604461670e-08
126 22 -1.303851604461670e-08
22 127 -1.841613247863239e+07
127 22 -1.841613247863239e+07
22 128  1.205929487179488e+07
128 22  1.205929487179488e+07
22 129  1.205929487179487e+07
129 22  1.205929487179487e+07
22 130 -3.832799145299147e+07
130 22 -3.832799145299147e+07
22 132  2.636217948717952e+07
132 22  2.636217948717952e+07
22 133 -1.841613247863239e+07
133 22 -1.841613247863239e+07
22 134 -1.205929487179488e+07
134 22 -1.205929487179488e+07
22 135  1.205929487179487e+07
135 22  1.205929487179487e+07
23 23  1.634081196581206e+08
23 24  1.862645149230957e-09
24 23  1.862645149230957e-09
23 25 -5.608974358975241e+05
25 23 -5.608974358975241e+05
23 26 -2.785790598290624e+07
26 23 -2.785790598290624e+07
23 27  6.577465683221817e-09
27 23  6.577465683221817e-09
23 28 -5.328525641025683e+06
28 23 -5.328525641025683e+06
23 29 -1.916399572649573e+07
29 23 -1.916399572649573e+07
23 30 -1.318108974358976e+07
30 23 -1.318108974358976e+07
23 31  1.862645149230957e-09
31 23  1.862645149230957e-09
23 32  2.486645299145279e+07
32 23  2.486645299145279e+07
23 33 -1.862645149230957e-09
33 23 -1.862645149230957e-09
23 34  5.328525641025684e+06
34 23  5.328525641025684e+06
23 35 -1.916399572649573e+07
35 23 -1.916399572649573e+07
23 36  1.318108974358975e+07
36 23  1.318108974358975e+07
23 109  1.205929487179485e+07
109 23  1.205929487179485e+07
23 110 -1.841613247863238e+07
110 23 -1.841613247863238e+07
23 111  1.205929487179487e+07
111 23  1.205929487179487e+07
23 112  1.862645149230957e-09
112 23  1.862645149230957e-09
23 113  9.909188034188006e+06
113 23  9.909188034188006e+06
23 114 -9.313225746154785e-10
114 23 -9.313225746154785e-10
23 115 -1.205929487179485e+07
115 23 -1.205929487179485e+07
23 116 -1.841613247863238e+07
116 23 -1.841613247863238e+07
23 117 -1.205929487179487e+07
117 23 -1.205929487179487e+07
23 118  2.636217948717953e+07
118 23  2.636217948717953e+07
23 119 -3.832799145299146e+07
119 23 -3.832799145299146e+07
23 120 -3.725290298461914e-09
120 23 -3.725290298461914e-09
23 121 -2.502929419279099e-09
121 23 -2.502929419279099e-09
23 122  4.973290598290558e+07
122 23  4.973290598290558e+07
23 123 -1.862645149230957e-09
123 23 -1.862645149230957e-09
23 124 -2.636217948717953e+07
124 23 -2.636217948717953e+07
23 125 -3.832799145299146e+07
125 23 -3.832799145299146e+07
23 126  5.587935447692871e-09
126 23  5.587935447692871e-09
23 127  1.205929487179488e+07
127 23  1.205929487179488e+07
23 128 -1.841613247863238e+07
128 23 -1.841613247863238e+07
23 129 -1.205929487179487e+07
129 23 -1.205929487179487e+07
23 130  1.862645149230957e-09
130 23  1.862645149230957e-09
23 131  9.909188034188032e+06
131 23  9.909188034188032e+06
23 133 -1.205929487179488e+07
133 23 -1.205929487179488e+07
23 134 -1.841613247863238e+07
134 23 -1.841613247863238e+07
23 135  1.205929487179487e+07
135 23  1.205929487179487e+07
24 24  1.634081196581206e+08
24 25 -1.303851604461670e-08
25 24 -1.303851604461670e-08
24 26 -5.238689482212067e-09
26 24 -5.238689482212067e-09
24 27  2.486645299145278e+07
27 24  2.486645299145278e+07
24 28 -5.328525641025675e+06
28 24 -5.328525641025675e+06
24 29 -1.318108974358976e+07
29 24 -1.318108974358976e+07
24 30 -1.916399572649571e+07
30 24 -1.916399572649571e+07
24 31  5.608974358975380e+05
31 24  5.608974358975380e+05
24 32  8.149072527885437e-10
32 24  8.149072527885437e-10
24 33 -2.785790598290620e+07
33 24 -2.785790598290620e+07
24 34 -5.328525641025674e+06
34 24 -5.328525641025674e+06
24 35  1.318108974358975e+07
35 24  1.318108974358975e+07
24 36 -1.916399572649571e+07
36 24 -1.916399572649571e+07
24 109 -1.205929487179486e+07
109 24 -1.205929487179486e+07
24 110  1.205929487179487e+07
110 24  1.205929487179487e+07
24 111 -1.841613247863238e+07
111 24 -1.841613247863238e+07
24 112 -2.636217948717950e+07
112 24 -2.636217948717950e+07
24 113  1.862645149230957e-09
113 24  1.862645149230957e-09
24 114 -3.832799145299146e+07
114 24 -3.832799145299146e+07
24 115 -1.205929487179486e+07
115 24 -1.205929487179486e+07
24 116 -1.205929487179487e+07
116 24 -1.205929487179487e+07
24 117 -1.841613247863238e+07
117 24 -1.841613247863238e+07
